	Channel    Elow      Ehigh
        chan		(keV)      (keV)

1 0   0.0000   0.0100
2 1   0.0100   0.0200
3 2   0.0200   0.0300
4 3   0.0300   0.0400
5 4   0.0400   0.0500
6 5   0.0500   0.0600
7 6   0.0600   0.0700
8 7   0.0700   0.0800
9 8   0.0800   0.0900
10 9   0.0900   0.1000
11 10   0.1000   0.1100
12 11   0.1100   0.1200
13 12   0.1200   0.1300
14 13   0.1300   0.1400
15 14   0.1400   0.1500
16 15   0.1500   0.1600
17 16   0.1600   0.1700
18 17   0.1700   0.1800
19 18   0.1800   0.1900
20 19   0.1900   0.2000
21 20   0.2000   0.2100
22 21   0.2100   0.2200
23 22   0.2200   0.2300
24 23   0.2300   0.2400
25 24   0.2400   0.2500
26 25   0.2500   0.2600
27 26   0.2600   0.2700
28 27   0.2700   0.2800
29 28   0.2800   0.2900
30 29   0.2900   0.3000
31 30   0.3000   0.3100
32 31   0.3100   0.3200
33 32   0.3200   0.3300
34 33   0.3300   0.3400
35 34   0.3400   0.3500
36 35   0.3500   0.3600
37 36   0.3600   0.3700
38 37   0.3700   0.3800
39 38   0.3800   0.3900
40 39   0.3900   0.4000
41 40   0.4000   0.4100
42 41   0.4100   0.4200
43 42   0.4200   0.4300
44 43   0.4300   0.4400
45 44   0.4400   0.4500
46 45   0.4500   0.4600
47 46   0.4600   0.4700
48 47   0.4700   0.4800
49 48   0.4800   0.4900
50 49   0.4900   0.5000
51 50   0.5000   0.5100
52 51   0.5100   0.5200
53 52   0.5200   0.5300
54 53   0.5300   0.5400
55 54   0.5400   0.5500
56 55   0.5500   0.5600
57 56   0.5600   0.5700
58 57   0.5700   0.5800
59 58   0.5800   0.5900
60 59   0.5900   0.6000
61 60   0.6000   0.6100
62 61   0.6100   0.6200
63 62   0.6200   0.6300
64 63   0.6300   0.6400
65 64   0.6400   0.6500
66 65   0.6500   0.6600
67 66   0.6600   0.6700
68 67   0.6700   0.6800
69 68   0.6800   0.6900
70 69   0.6900   0.7000
71 70   0.7000   0.7100
72 71   0.7100   0.7200
73 72   0.7200   0.7300
74 73   0.7300   0.7400
75 74   0.7400   0.7500
76 75   0.7500   0.7600
77 76   0.7600   0.7700
78 77   0.7700   0.7800
79 78   0.7800   0.7900
80 79   0.7900   0.8000
81 80   0.8000   0.8100
82 81   0.8100   0.8200
83 82   0.8200   0.8300
84 83   0.8300   0.8400
85 84   0.8400   0.8500
86 85   0.8500   0.8600
87 86   0.8600   0.8700
88 87   0.8700   0.8800
89 88   0.8800   0.8900
90 89   0.8900   0.9000
91 90   0.9000   0.9100
92 91   0.9100   0.9200
93 92   0.9200   0.9300
94 93   0.9300   0.9400
95 94   0.9400   0.9500
96 95   0.9500   0.9600
97 96   0.9600   0.9700
98 97   0.9700   0.9800
99 98   0.9800   0.9900
100 99   0.9900   1.0000
101 100   1.0000   1.0100
102 101   1.0100   1.0200
103 102   1.0200   1.0300
104 103   1.0300   1.0400
105 104   1.0400   1.0500
106 105   1.0500   1.0600
107 106   1.0600   1.0700
108 107   1.0700   1.0800
109 108   1.0800   1.0900
110 109   1.0900   1.1000
111 110   1.1000   1.1100
112 111   1.1100   1.1200
113 112   1.1200   1.1300
114 113   1.1300   1.1400
115 114   1.1400   1.1500
116 115   1.1500   1.1600
117 116   1.1600   1.1700
118 117   1.1700   1.1800
119 118   1.1800   1.1900
120 119   1.1900   1.2000
121 120   1.2000   1.2100
122 121   1.2100   1.2200
123 122   1.2200   1.2300
124 123   1.2300   1.2400
125 124   1.2400   1.2500
126 125   1.2500   1.2600
127 126   1.2600   1.2700
128 127   1.2700   1.2800
129 128   1.2800   1.2900
130 129   1.2900   1.3000
131 130   1.3000   1.3100
132 131   1.3100   1.3200
133 132   1.3200   1.3300
134 133   1.3300   1.3400
135 134   1.3400   1.3500
136 135   1.3500   1.3600
137 136   1.3600   1.3700
138 137   1.3700   1.3800
139 138   1.3800   1.3900
140 139   1.3900   1.4000
141 140   1.4000   1.4100
142 141   1.4100   1.4200
143 142   1.4200   1.4300
144 143   1.4300   1.4400
145 144   1.4400   1.4500
146 145   1.4500   1.4600
147 146   1.4600   1.4700
148 147   1.4700   1.4800
149 148   1.4800   1.4900
150 149   1.4900   1.5000
151 150   1.5000   1.5100
152 151   1.5100   1.5200
153 152   1.5200   1.5300
154 153   1.5300   1.5400
155 154   1.5400   1.5500
156 155   1.5500   1.5600
157 156   1.5600   1.5700
158 157   1.5700   1.5800
159 158   1.5800   1.5900
160 159   1.5900   1.6000
161 160   1.6000   1.6100
162 161   1.6100   1.6200
163 162   1.6200   1.6300
164 163   1.6300   1.6400
165 164   1.6400   1.6500
166 165   1.6500   1.6600
167 166   1.6600   1.6700
168 167   1.6700   1.6800
169 168   1.6800   1.6900
170 169   1.6900   1.7000
171 170   1.7000   1.7100
172 171   1.7100   1.7200
173 172   1.7200   1.7300
174 173   1.7300   1.7400
175 174   1.7400   1.7500
176 175   1.7500   1.7600
177 176   1.7600   1.7700
178 177   1.7700   1.7800
179 178   1.7800   1.7900
180 179   1.7900   1.8000
181 180   1.8000   1.8100
182 181   1.8100   1.8200
183 182   1.8200   1.8300
184 183   1.8300   1.8400
185 184   1.8400   1.8500
186 185   1.8500   1.8600
187 186   1.8600   1.8700
188 187   1.8700   1.8800
189 188   1.8800   1.8900
190 189   1.8900   1.9000
191 190   1.9000   1.9100
192 191   1.9100   1.9200
193 192   1.9200   1.9300
194 193   1.9300   1.9400
195 194   1.9400   1.9500
196 195   1.9500   1.9600
197 196   1.9600   1.9700
198 197   1.9700   1.9800
199 198   1.9800   1.9900
200 199   1.9900   2.0000
201 200   2.0000   2.0100
202 201   2.0100   2.0200
203 202   2.0200   2.0300
204 203   2.0300   2.0400
205 204   2.0400   2.0500
206 205   2.0500   2.0600
207 206   2.0600   2.0700
208 207   2.0700   2.0800
209 208   2.0800   2.0900
210 209   2.0900   2.1000
211 210   2.1000   2.1100
212 211   2.1100   2.1200
213 212   2.1200   2.1300
214 213   2.1300   2.1400
215 214   2.1400   2.1500
216 215   2.1500   2.1600
217 216   2.1600   2.1700
218 217   2.1700   2.1800
219 218   2.1800   2.1900
220 219   2.1900   2.2000
221 220   2.2000   2.2100
222 221   2.2100   2.2200
223 222   2.2200   2.2300
224 223   2.2300   2.2400
225 224   2.2400   2.2500
226 225   2.2500   2.2600
227 226   2.2600   2.2700
228 227   2.2700   2.2800
229 228   2.2800   2.2900
230 229   2.2900   2.3000
231 230   2.3000   2.3100
232 231   2.3100   2.3200
233 232   2.3200   2.3300
234 233   2.3300   2.3400
235 234   2.3400   2.3500
236 235   2.3500   2.3600
237 236   2.3600   2.3700
238 237   2.3700   2.3800
239 238   2.3800   2.3900
240 239   2.3900   2.4000
241 240   2.4000   2.4100
242 241   2.4100   2.4200
243 242   2.4200   2.4300
244 243   2.4300   2.4400
245 244   2.4400   2.4500
246 245   2.4500   2.4600
247 246   2.4600   2.4700
248 247   2.4700   2.4800
249 248   2.4800   2.4900
250 249   2.4900   2.5000
251 250   2.5000   2.5100
252 251   2.5100   2.5200
253 252   2.5200   2.5300
254 253   2.5300   2.5400
255 254   2.5400   2.5500
256 255   2.5500   2.5600
257 256   2.5600   2.5700
258 257   2.5700   2.5800
259 258   2.5800   2.5900
260 259   2.5900   2.6000
261 260   2.6000   2.6100
262 261   2.6100   2.6200
263 262   2.6200   2.6300
264 263   2.6300   2.6400
265 264   2.6400   2.6500
266 265   2.6500   2.6600
267 266   2.6600   2.6700
268 267   2.6700   2.6800
269 268   2.6800   2.6900
270 269   2.6900   2.7000
271 270   2.7000   2.7100
272 271   2.7100   2.7200
273 272   2.7200   2.7300
274 273   2.7300   2.7400
275 274   2.7400   2.7500
276 275   2.7500   2.7600
277 276   2.7600   2.7700
278 277   2.7700   2.7800
279 278   2.7800   2.7900
280 279   2.7900   2.8000
281 280   2.8000   2.8100
282 281   2.8100   2.8200
283 282   2.8200   2.8300
284 283   2.8300   2.8400
285 284   2.8400   2.8500
286 285   2.8500   2.8600
287 286   2.8600   2.8700
288 287   2.8700   2.8800
289 288   2.8800   2.8900
290 289   2.8900   2.9000
291 290   2.9000   2.9100
292 291   2.9100   2.9200
293 292   2.9200   2.9300
294 293   2.9300   2.9400
295 294   2.9400   2.9500
296 295   2.9500   2.9600
297 296   2.9600   2.9700
298 297   2.9700   2.9800
299 298   2.9800   2.9900
300 299   2.9900   3.0000
301 300   3.0000   3.0100
302 301   3.0100   3.0200
303 302   3.0200   3.0300
304 303   3.0300   3.0400
305 304   3.0400   3.0500
306 305   3.0500   3.0600
307 306   3.0600   3.0700
308 307   3.0700   3.0800
309 308   3.0800   3.0900
310 309   3.0900   3.1000
311 310   3.1000   3.1100
312 311   3.1100   3.1200
313 312   3.1200   3.1300
314 313   3.1300   3.1400
315 314   3.1400   3.1500
316 315   3.1500   3.1600
317 316   3.1600   3.1700
318 317   3.1700   3.1800
319 318   3.1800   3.1900
320 319   3.1900   3.2000
321 320   3.2000   3.2100
322 321   3.2100   3.2200
323 322   3.2200   3.2300
324 323   3.2300   3.2400
325 324   3.2400   3.2500
326 325   3.2500   3.2600
327 326   3.2600   3.2700
328 327   3.2700   3.2800
329 328   3.2800   3.2900
330 329   3.2900   3.3000
331 330   3.3000   3.3100
332 331   3.3100   3.3200
333 332   3.3200   3.3300
334 333   3.3300   3.3400
335 334   3.3400   3.3500
336 335   3.3500   3.3600
337 336   3.3600   3.3700
338 337   3.3700   3.3800
339 338   3.3800   3.3900
340 339   3.3900   3.4000
341 340   3.4000   3.4100
342 341   3.4100   3.4200
343 342   3.4200   3.4300
344 343   3.4300   3.4400
345 344   3.4400   3.4500
346 345   3.4500   3.4600
347 346   3.4600   3.4700
348 347   3.4700   3.4800
349 348   3.4800   3.4900
350 349   3.4900   3.5000
351 350   3.5000   3.5100
352 351   3.5100   3.5200
353 352   3.5200   3.5300
354 353   3.5300   3.5400
355 354   3.5400   3.5500
356 355   3.5500   3.5600
357 356   3.5600   3.5700
358 357   3.5700   3.5800
359 358   3.5800   3.5900
360 359   3.5900   3.6000
361 360   3.6000   3.6100
362 361   3.6100   3.6200
363 362   3.6200   3.6300
364 363   3.6300   3.6400
365 364   3.6400   3.6500
366 365   3.6500   3.6600
367 366   3.6600   3.6700
368 367   3.6700   3.6800
369 368   3.6800   3.6900
370 369   3.6900   3.7000
371 370   3.7000   3.7100
372 371   3.7100   3.7200
373 372   3.7200   3.7300
374 373   3.7300   3.7400
375 374   3.7400   3.7500
376 375   3.7500   3.7600
377 376   3.7600   3.7700
378 377   3.7700   3.7800
379 378   3.7800   3.7900
380 379   3.7900   3.8000
381 380   3.8000   3.8100
382 381   3.8100   3.8200
383 382   3.8200   3.8300
384 383   3.8300   3.8400
385 384   3.8400   3.8500
386 385   3.8500   3.8600
387 386   3.8600   3.8700
388 387   3.8700   3.8800
389 388   3.8800   3.8900
390 389   3.8900   3.9000
391 390   3.9000   3.9100
392 391   3.9100   3.9200
393 392   3.9200   3.9300
394 393   3.9300   3.9400
395 394   3.9400   3.9500
396 395   3.9500   3.9600
397 396   3.9600   3.9700
398 397   3.9700   3.9800
399 398   3.9800   3.9900
400 399   3.9900   4.0000
401 400   4.0000   4.0100
402 401   4.0100   4.0200
403 402   4.0200   4.0300
404 403   4.0300   4.0400
405 404   4.0400   4.0500
406 405   4.0500   4.0600
407 406   4.0600   4.0700
408 407   4.0700   4.0800
409 408   4.0800   4.0900
410 409   4.0900   4.1000
411 410   4.1000   4.1100
412 411   4.1100   4.1200
413 412   4.1200   4.1300

414 413   4.1300   4.1400
415 414   4.1400   4.1500
416 415   4.1500   4.1600
417 416   4.1600   4.1700
418 417   4.1700   4.1800
419 418   4.1800   4.1900
420 419   4.1900   4.2000
421 420   4.2000   4.2100
422 421   4.2100   4.2200
423 422   4.2200   4.2300
424 423   4.2300   4.2400
425 424   4.2400   4.2500
426 425   4.2500   4.2600
427 426   4.2600   4.2700
428 427   4.2700   4.2800
429 428   4.2800   4.2900
430 429   4.2900   4.3000
431 430   4.3000   4.3100
432 431   4.3100   4.3200
433 432   4.3200   4.3300
434 433   4.3300   4.3400
435 434   4.3400   4.3500
436 435   4.3500   4.3600
437 436   4.3600   4.3700
438 437   4.3700   4.3800
439 438   4.3800   4.3900
440 439   4.3900   4.4000
441 440   4.4000   4.4100
442 441   4.4100   4.4200
443 442   4.4200   4.4300
444 443   4.4300   4.4400
445 444   4.4400   4.4500
446 445   4.4500   4.4600
447 446   4.4600   4.4700
448 447   4.4700   4.4800
449 448   4.4800   4.4900
450 449   4.4900   4.5000
451 450   4.5000   4.5100
452 451   4.5100   4.5200
453 452   4.5200   4.5300
454 453   4.5300   4.5400
455 454   4.5400   4.5500
456 455   4.5500   4.5600
457 456   4.5600   4.5700
458 457   4.5700   4.5800
459 458   4.5800   4.5900
460 459   4.5900   4.6000
461 460   4.6000   4.6100
462 461   4.6100   4.6200
463 462   4.6200   4.6300
464 463   4.6300   4.6400
465 464   4.6400   4.6500
466 465   4.6500   4.6600
467 466   4.6600   4.6700
468 467   4.6700   4.6800
469 468   4.6800   4.6900
470 469   4.6900   4.7000
471 470   4.7000   4.7100
472 471   4.7100   4.7200
473 472   4.7200   4.7300
474 473   4.7300   4.7400
475 474   4.7400   4.7500
476 475   4.7500   4.7600
477 476   4.7600   4.7700
478 477   4.7700   4.7800
479 478   4.7800   4.7900
480 479   4.7900   4.8000
481 480   4.8000   4.8100
482 481   4.8100   4.8200
483 482   4.8200   4.8300
484 483   4.8300   4.8400
485 484   4.8400   4.8500
486 485   4.8500   4.8600
487 486   4.8600   4.8700
488 487   4.8700   4.8800
489 488   4.8800   4.8900
490 489   4.8900   4.9000
491 490   4.9000   4.9100
492 491   4.9100   4.9200
493 492   4.9200   4.9300
494 493   4.9300   4.9400
495 494   4.9400   4.9500
496 495   4.9500   4.9600
497 496   4.9600   4.9700
498 497   4.9700   4.9800
499 498   4.9800   4.9900
500 499   4.9900   5.0000
501 500   5.0000   5.0100
502 501   5.0100   5.0200
503 502   5.0200   5.0300
504 503   5.0300   5.0400
505 504   5.0400   5.0500
506 505   5.0500   5.0600
507 506   5.0600   5.0700
508 507   5.0700   5.0800
509 508   5.0800   5.0900
510 509   5.0900   5.1000
511 510   5.1000   5.1100
512 511   5.1100   5.1200
513 512   5.1200   5.1300
514 513   5.1300   5.1400
515 514   5.1400   5.1500
516 515   5.1500   5.1600
517 516   5.1600   5.1700
518 517   5.1700   5.1800
519 518   5.1800   5.1900
520 519   5.1900   5.2000
521 520   5.2000   5.2100
522 521   5.2100   5.2200
523 522   5.2200   5.2300
524 523   5.2300   5.2400
525 524   5.2400   5.2500
526 525   5.2500   5.2600
527 526   5.2600   5.2700
528 527   5.2700   5.2800
529 528   5.2800   5.2900
530 529   5.2900   5.3000
531 530   5.3000   5.3100
532 531   5.3100   5.3200
533 532   5.3200   5.3300
534 533   5.3300   5.3400
535 534   5.3400   5.3500
536 535   5.3500   5.3600
537 536   5.3600   5.3700
538 537   5.3700   5.3800
539 538   5.3800   5.3900
540 539   5.3900   5.4000
541 540   5.4000   5.4100
542 541   5.4100   5.4200
543 542   5.4200   5.4300
544 543   5.4300   5.4400
545 544   5.4400   5.4500
546 545   5.4500   5.4600
547 546   5.4600   5.4700
548 547   5.4700   5.4800
549 548   5.4800   5.4900
550 549   5.4900   5.5000
551 550   5.5000   5.5100
552 551   5.5100   5.5200
553 552   5.5200   5.5300
554 553   5.5300   5.5400
555 554   5.5400   5.5500
556 555   5.5500   5.5600
557 556   5.5600   5.5700
558 557   5.5700   5.5800
559 558   5.5800   5.5900
560 559   5.5900   5.6000
561 560   5.6000   5.6100
562 561   5.6100   5.6200
563 562   5.6200   5.6300
564 563   5.6300   5.6400
565 564   5.6400   5.6500
566 565   5.6500   5.6600
567 566   5.6600   5.6700
568 567   5.6700   5.6800
569 568   5.6800   5.6900
570 569   5.6900   5.7000
571 570   5.7000   5.7100
572 571   5.7100   5.7200
573 572   5.7200   5.7300
574 573   5.7300   5.7400
575 574   5.7400   5.7500
576 575   5.7500   5.7600
577 576   5.7600   5.7700
578 577   5.7700   5.7800
579 578   5.7800   5.7900
580 579   5.7900   5.8000
581 580   5.8000   5.8100
582 581   5.8100   5.8200
583 582   5.8200   5.8300
584 583   5.8300   5.8400
585 584   5.8400   5.8500
586 585   5.8500   5.8600
587 586   5.8600   5.8700
588 587   5.8700   5.8800
589 588   5.8800   5.8900
590 589   5.8900   5.9000
591 590   5.9000   5.9100
592 591   5.9100   5.9200
593 592   5.9200   5.9300
594 593   5.9300   5.9400
595 594   5.9400   5.9500
596 595   5.9500   5.9600
597 596   5.9600   5.9700
598 597   5.9700   5.9800
599 598   5.9800   5.9900
600 599   5.9900   6.0000
601 600   6.0000   6.0100
602 601   6.0100   6.0200
603 602   6.0200   6.0300
604 603   6.0300   6.0400
605 604   6.0400   6.0500
606 605   6.0500   6.0600
607 606   6.0600   6.0700
608 607   6.0700   6.0800
609 608   6.0800   6.0900
610 609   6.0900   6.1000
611 610   6.1000   6.1100
612 611   6.1100   6.1200
613 612   6.1200   6.1300
614 613   6.1300   6.1400
615 614   6.1400   6.1500
616 615   6.1500   6.1600
617 616   6.1600   6.1700
618 617   6.1700   6.1800
619 618   6.1800   6.1900
620 619   6.1900   6.2000
621 620   6.2000   6.2100
622 621   6.2100   6.2200
623 622   6.2200   6.2300
624 623   6.2300   6.2400
625 624   6.2400   6.2500
626 625   6.2500   6.2600
627 626   6.2600   6.2700
628 627   6.2700   6.2800
629 628   6.2800   6.2900
630 629   6.2900   6.3000
631 630   6.3000   6.3100
632 631   6.3100   6.3200
633 632   6.3200   6.3300
634 633   6.3300   6.3400
635 634   6.3400   6.3500
636 635   6.3500   6.3600
637 636   6.3600   6.3700
638 637   6.3700   6.3800
639 638   6.3800   6.3900
640 639   6.3900   6.4000
641 640   6.4000   6.4100
642 641   6.4100   6.4200
643 642   6.4200   6.4300
644 643   6.4300   6.4400
645 644   6.4400   6.4500
646 645   6.4500   6.4600
647 646   6.4600   6.4700
648 647   6.4700   6.4800
649 648   6.4800   6.4900
650 649   6.4900   6.5000
651 650   6.5000   6.5100
652 651   6.5100   6.5200
653 652   6.5200   6.5300
654 653   6.5300   6.5400
655 654   6.5400   6.5500
656 655   6.5500   6.5600
657 656   6.5600   6.5700
658 657   6.5700   6.5800
659 658   6.5800   6.5900
660 659   6.5900   6.6000
661 660   6.6000   6.6100
662 661   6.6100   6.6200
663 662   6.6200   6.6300
664 663   6.6300   6.6400
665 664   6.6400   6.6500
666 665   6.6500   6.6600
667 666   6.6600   6.6700
668 667   6.6700   6.6800
669 668   6.6800   6.6900
670 669   6.6900   6.7000
671 670   6.7000   6.7100
672 671   6.7100   6.7200
673 672   6.7200   6.7300
674 673   6.7300   6.7400
675 674   6.7400   6.7500
676 675   6.7500   6.7600
677 676   6.7600   6.7700
678 677   6.7700   6.7800
679 678   6.7800   6.7900
680 679   6.7900   6.8000
681 680   6.8000   6.8100
682 681   6.8100   6.8200
683 682   6.8200   6.8300
684 683   6.8300   6.8400
685 684   6.8400   6.8500
686 685   6.8500   6.8600
687 686   6.8600   6.8700
688 687   6.8700   6.8800
689 688   6.8800   6.8900
690 689   6.8900   6.9000
691 690   6.9000   6.9100
692 691   6.9100   6.9200
693 692   6.9200   6.9300
694 693   6.9300   6.9400
695 694   6.9400   6.9500
696 695   6.9500   6.9600
697 696   6.9600   6.9700
698 697   6.9700   6.9800
699 698   6.9800   6.9900
700 699   6.9900   7.0000
701 700   7.0000   7.0100
702 701   7.0100   7.0200
703 702   7.0200   7.0300
704 703   7.0300   7.0400
705 704   7.0400   7.0500
706 705   7.0500   7.0600
707 706   7.0600   7.0700
708 707   7.0700   7.0800
709 708   7.0800   7.0900
710 709   7.0900   7.1000
711 710   7.1000   7.1100
712 711   7.1100   7.1200
713 712   7.1200   7.1300
714 713   7.1300   7.1400
715 714   7.1400   7.1500
716 715   7.1500   7.1600
717 716   7.1600   7.1700
718 717   7.1700   7.1800
719 718   7.1800   7.1900
720 719   7.1900   7.2000
721 720   7.2000   7.2100
722 721   7.2100   7.2200
723 722   7.2200   7.2300
724 723   7.2300   7.2400
725 724   7.2400   7.2500
726 725   7.2500   7.2600
727 726   7.2600   7.2700
728 727   7.2700   7.2800
729 728   7.2800   7.2900
730 729   7.2900   7.3000
731 730   7.3000   7.3100
732 731   7.3100   7.3200
733 732   7.3200   7.3300
734 733   7.3300   7.3400
735 734   7.3400   7.3500
736 735   7.3500   7.3600
737 736   7.3600   7.3700
738 737   7.3700   7.3800
739 738   7.3800   7.3900
740 739   7.3900   7.4000
741 740   7.4000   7.4100
742 741   7.4100   7.4200
743 742   7.4200   7.4300
744 743   7.4300   7.4400
745 744   7.4400   7.4500
746 745   7.4500   7.4600
747 746   7.4600   7.4700
748 747   7.4700   7.4800
749 748   7.4800   7.4900
750 749   7.4900   7.5000
751 750   7.5000   7.5100
752 751   7.5100   7.5200
753 752   7.5200   7.5300
754 753   7.5300   7.5400
755 754   7.5400   7.5500
756 755   7.5500   7.5600
757 756   7.5600   7.5700
758 757   7.5700   7.5800

759 758   7.5800   7.5900
760 759   7.5900   7.6000
761 760   7.6000   7.6100
762 761   7.6100   7.6200
763 762   7.6200   7.6300
764 763   7.6300   7.6400
765 764   7.6400   7.6500
766 765   7.6500   7.6600
767 766   7.6600   7.6700
768 767   7.6700   7.6800
769 768   7.6800   7.6900
770 769   7.6900   7.7000
771 770   7.7000   7.7100
772 771   7.7100   7.7200
773 772   7.7200   7.7300
774 773   7.7300   7.7400
775 774   7.7400   7.7500
776 775   7.7500   7.7600
777 776   7.7600   7.7700
778 777   7.7700   7.7800
779 778   7.7800   7.7900
780 779   7.7900   7.8000
781 780   7.8000   7.8100
782 781   7.8100   7.8200
783 782   7.8200   7.8300
784 783   7.8300   7.8400
785 784   7.8400   7.8500
786 785   7.8500   7.8600
787 786   7.8600   7.8700
788 787   7.8700   7.8800
789 788   7.8800   7.8900
790 789   7.8900   7.9000
791 790   7.9000   7.9100
792 791   7.9100   7.9200
793 792   7.9200   7.9300
794 793   7.9300   7.9400
795 794   7.9400   7.9500
796 795   7.9500   7.9600
797 796   7.9600   7.9700
798 797   7.9700   7.9800
799 798   7.9800   7.9900
800 799   7.9900   8.0000
801 800   8.0000   8.0100
802 801   8.0100   8.0200
803 802   8.0200   8.0300
804 803   8.0300   8.0400
805 804   8.0400   8.0500
806 805   8.0500   8.0600
807 806   8.0600   8.0700
808 807   8.0700   8.0800
809 808   8.0800   8.0900
810 809   8.0900   8.1000
811 810   8.1000   8.1100
812 811   8.1100   8.1200
813 812   8.1200   8.1300
814 813   8.1300   8.1400
815 814   8.1400   8.1500
816 815   8.1500   8.1600
817 816   8.1600   8.1700
818 817   8.1700   8.1800
819 818   8.1800   8.1900
820 819   8.1900   8.2000
821 820   8.2000   8.2100
822 821   8.2100   8.2200
823 822   8.2200   8.2300
824 823   8.2300   8.2400
825 824   8.2400   8.2500
826 825   8.2500   8.2600
827 826   8.2600   8.2700
828 827   8.2700   8.2800
829 828   8.2800   8.2900
830 829   8.2900   8.3000
831 830   8.3000   8.3100
832 831   8.3100   8.3200
833 832   8.3200   8.3300
834 833   8.3300   8.3400
835 834   8.3400   8.3500
836 835   8.3500   8.3600
837 836   8.3600   8.3700
838 837   8.3700   8.3800
839 838   8.3800   8.3900
840 839   8.3900   8.4000
841 840   8.4000   8.4100
842 841   8.4100   8.4200
843 842   8.4200   8.4300
844 843   8.4300   8.4400
845 844   8.4400   8.4500
846 845   8.4500   8.4600
847 846   8.4600   8.4700
848 847   8.4700   8.4800
849 848   8.4800   8.4900
850 849   8.4900   8.5000
851 850   8.5000   8.5100
852 851   8.5100   8.5200
853 852   8.5200   8.5300
854 853   8.5300   8.5400
855 854   8.5400   8.5500
856 855   8.5500   8.5600
857 856   8.5600   8.5700
858 857   8.5700   8.5800
859 858   8.5800   8.5900
860 859   8.5900   8.6000
861 860   8.6000   8.6100
862 861   8.6100   8.6200
863 862   8.6200   8.6300
864 863   8.6300   8.6400
865 864   8.6400   8.6500
866 865   8.6500   8.6600
867 866   8.6600   8.6700
868 867   8.6700   8.6800
869 868   8.6800   8.6900
870 869   8.6900   8.7000
871 870   8.7000   8.7100
872 871   8.7100   8.7200
873 872   8.7200   8.7300
874 873   8.7300   8.7400
875 874   8.7400   8.7500
876 875   8.7500   8.7600
877 876   8.7600   8.7700
878 877   8.7700   8.7800
879 878   8.7800   8.7900
880 879   8.7900   8.8000
881 880   8.8000   8.8100
882 881   8.8100   8.8200
883 882   8.8200   8.8300
884 883   8.8300   8.8400
885 884   8.8400   8.8500
886 885   8.8500   8.8600
887 886   8.8600   8.8700
888 887   8.8700   8.8800
889 888   8.8800   8.8900
890 889   8.8900   8.9000
891 890   8.9000   8.9100
892 891   8.9100   8.9200
893 892   8.9200   8.9300
894 893   8.9300   8.9400
895 894   8.9400   8.9500
896 895   8.9500   8.9600
897 896   8.9600   8.9700
898 897   8.9700   8.9800
899 898   8.9800   8.9900
900 899   8.9900   9.0000
901 900   9.0000   9.0100
902 901   9.0100   9.0200
903 902   9.0200   9.0300
904 903   9.0300   9.0400
905 904   9.0400   9.0500
906 905   9.0500   9.0600
907 906   9.0600   9.0700
908 907   9.0700   9.0800
909 908   9.0800   9.0900
910 909   9.0900   9.1000
911 910   9.1000   9.1100
912 911   9.1100   9.1200
913 912   9.1200   9.1300
914 913   9.1300   9.1400
915 914   9.1400   9.1500
916 915   9.1500   9.1600
917 916   9.1600   9.1700
918 917   9.1700   9.1800
919 918   9.1800   9.1900
920 919   9.1900   9.2000
921 920   9.2000   9.2100
922 921   9.2100   9.2200
923 922   9.2200   9.2300
924 923   9.2300   9.2400
925 924   9.2400   9.2500
926 925   9.2500   9.2600
927 926   9.2600   9.2700
928 927   9.2700   9.2800
929 928   9.2800   9.2900
930 929   9.2900   9.3000
931 930   9.3000   9.3100
932 931   9.3100   9.3200
933 932   9.3200   9.3300
934 933   9.3300   9.3400
935 934   9.3400   9.3500
936 935   9.3500   9.3600
937 936   9.3600   9.3700
938 937   9.3700   9.3800
939 938   9.3800   9.3900
940 939   9.3900   9.4000
941 940   9.4000   9.4100
942 941   9.4100   9.4200
943 942   9.4200   9.4300
944 943   9.4300   9.4400
945 944   9.4400   9.4500
946 945   9.4500   9.4600
947 946   9.4600   9.4700
948 947   9.4700   9.4800
949 948   9.4800   9.4900
950 949   9.4900   9.5000
951 950   9.5000   9.5100
952 951   9.5100   9.5200
953 952   9.5200   9.5300
954 953   9.5300   9.5400
955 954   9.5400   9.5500
956 955   9.5500   9.5600
957 956   9.5600   9.5700
958 957   9.5700   9.5800
959 958   9.5800   9.5900
960 959   9.5900   9.6000
961 960   9.6000   9.6100
962 961   9.6100   9.6200
963 962   9.6200   9.6300
964 963   9.6300   9.6400
965 964   9.6400   9.6500
966 965   9.6500   9.6600
967 966   9.6600   9.6700
968 967   9.6700   9.6800
969 968   9.6800   9.6900
970 969   9.6900   9.7000
971 970   9.7000   9.7100
972 971   9.7100   9.7200
973 972   9.7200   9.7300
974 973   9.7300   9.7400
975 974   9.7400   9.7500
976 975   9.7500   9.7600
977 976   9.7600   9.7700
978 977   9.7700   9.7800
979 978   9.7800   9.7900
980 979   9.7900   9.8000
981 980   9.8000   9.8100
982 981   9.8100   9.8200
983 982   9.8200   9.8300
984 983   9.8300   9.8400
985 984   9.8400   9.8500
986 985   9.8500   9.8600
987 986   9.8600   9.8700
988 987   9.8700   9.8800
989 988   9.8800   9.8900
990 989   9.8900   9.9000
991 990   9.9000   9.9100
992 991   9.9100   9.9200
993 992   9.9200   9.9300
994 993   9.9300   9.9400
995 994   9.9400   9.9500
996 995   9.9500   9.9600
997 996   9.9600   9.9700
998 997   9.9700   9.9800
999 998   9.9800   9.9900
1000 999   9.9900  10.0000
1001 1000  10.0000  10.0100
1002 1001  10.0100  10.0200
1003 1002  10.0200  10.0300
1004 1003  10.0300  10.0400
1005 1004  10.0400  10.0500
1006 1005  10.0500  10.0600
1007 1006  10.0600  10.0700
1008 1007  10.0700  10.0800
1009 1008  10.0800  10.0900
1010 1009  10.0900  10.1000
1011 1010  10.1000  10.1100
1012 1011  10.1100  10.1200
1013 1012  10.1200  10.1300
1014 1013  10.1300  10.1400
1015 1014  10.1400  10.1500
1016 1015  10.1500  10.1600
1017 1016  10.1600  10.1700
1018 1017  10.1700  10.1800
1019 1018  10.1800  10.1900
1020 1019  10.1900  10.2000
1021 1020  10.2000  10.2100
1022 1021  10.2100  10.2200
1023 1022  10.2200  10.2300
1024 1023  10.2300  10.2400
1025 1024  10.2400  10.2500
1026 1025  10.2500  10.2600
1027 1026  10.2600  10.2700
1028 1027  10.2700  10.2800
1029 1028  10.2800  10.2900
1030 1029  10.2900  10.3000
1031 1030  10.3000  10.3100
1032 1031  10.3100  10.3200
1033 1032  10.3200  10.3300
1034 1033  10.3300  10.3400
1035 1034  10.3400  10.3500
1036 1035  10.3500  10.3600
1037 1036  10.3600  10.3700
1038 1037  10.3700  10.3800
1039 1038  10.3800  10.3900
1040 1039  10.3900  10.4000
1041 1040  10.4000  10.4100
1042 1041  10.4100  10.4200
1043 1042  10.4200  10.4300
1044 1043  10.4300  10.4400
1045 1044  10.4400  10.4500
1046 1045  10.4500  10.4600
1047 1046  10.4600  10.4700
1048 1047  10.4700  10.4800
1049 1048  10.4800  10.4900
1050 1049  10.4900  10.5000
1051 1050  10.5000  10.5100
1052 1051  10.5100  10.5200
1053 1052  10.5200  10.5300
1054 1053  10.5300  10.5400
1055 1054  10.5400  10.5500
1056 1055  10.5500  10.5600
1057 1056  10.5600  10.5700
1058 1057  10.5700  10.5800
1059 1058  10.5800  10.5900
1060 1059  10.5900  10.6000
1061 1060  10.6000  10.6100
1062 1061  10.6100  10.6200
1063 1062  10.6200  10.6300
1064 1063  10.6300  10.6400
1065 1064  10.6400  10.6500
1066 1065  10.6500  10.6600
1067 1066  10.6600  10.6700
1068 1067  10.6700  10.6800
1069 1068  10.6800  10.6900
1070 1069  10.6900  10.7000
1071 1070  10.7000  10.7100
1072 1071  10.7100  10.7200
1073 1072  10.7200  10.7300
1074 1073  10.7300  10.7400
1075 1074  10.7400  10.7500
1076 1075  10.7500  10.7600
1077 1076  10.7600  10.7700
1078 1077  10.7700  10.7800
1079 1078  10.7800  10.7900
1080 1079  10.7900  10.8000
1081 1080  10.8000  10.8100
1082 1081  10.8100  10.8200
1083 1082  10.8200  10.8300
1084 1083  10.8300  10.8400
1085 1084  10.8400  10.8500
1086 1085  10.8500  10.8600
1087 1086  10.8600  10.8700
1088 1087  10.8700  10.8800
1089 1088  10.8800  10.8900
1090 1089  10.8900  10.9000
1091 1090  10.9000  10.9100
1092 1091  10.9100  10.9200
1093 1092  10.9200  10.9300
1094 1093  10.9300  10.9400
1095 1094  10.9400  10.9500
1096 1095  10.9500  10.9600
1097 1096  10.9600  10.9700
1098 1097  10.9700  10.9800
1099 1098  10.9800  10.9900
1100 1099  10.9900  11.0000
1101 1100  11.0000  11.0100
1102 1101  11.0100  11.0200
1103 1102  11.0200  11.0300
1104 1103  11.0300  11.0400
1105 1104  11.0400  11.0500
1106 1105  11.0500  11.0600
1107 1106  11.0600  11.0700
1108 1107  11.0700  11.0800
1109 1108  11.0800  11.0900
1110 1109  11.0900  11.1000
1111 1110  11.1000  11.1100
1112 1111  11.1100  11.1200
1113 1112  11.1200  11.1300
1114 1113  11.1300  11.1400
1115 1114  11.1400  11.1500
1116 1115  11.1500  11.1600
1117 1116  11.1600  11.1700
1118 1117  11.1700  11.1800
1119 1118  11.1800  11.1900
1120 1119  11.1900  11.2000
1121 1120  11.2000  11.2100
1122 1121  11.2100  11.2200
1123 1122  11.2200  11.2300
1124 1123  11.2300  11.2400
1125 1124  11.2400  11.2500
1126 1125  11.2500  11.2600
1127 1126  11.2600  11.2700
1128 1127  11.2700  11.2800
1129 1128  11.2800  11.2900
1130 1129  11.2900  11.3000
1131 1130  11.3000  11.3100
1132 1131  11.3100  11.3200
1133 1132  11.3200  11.3300
1134 1133  11.3300  11.3400
1135 1134  11.3400  11.3500
1136 1135  11.3500  11.3600
1137 1136  11.3600  11.3700
1138 1137  11.3700  11.3800
1139 1138  11.3800  11.3900
1140 1139  11.3900  11.4000
1141 1140  11.4000  11.4100
1142 1141  11.4100  11.4200
1143 1142  11.4200  11.4300
1144 1143  11.4300  11.4400
1145 1144  11.4400  11.4500
1146 1145  11.4500  11.4600
1147 1146  11.4600  11.4700
1148 1147  11.4700  11.4800
1149 1148  11.4800  11.4900
1150 1149  11.4900  11.5000
1151 1150  11.5000  11.5100
1152 1151  11.5100  11.5200
1153 1152  11.5200  11.5300
1154 1153  11.5300  11.5400
1155 1154  11.5400  11.5500
1156 1155  11.5500  11.5600
1157 1156  11.5600  11.5700
1158 1157  11.5700  11.5800
1159 1158  11.5800  11.5900
1160 1159  11.5900  11.6000
1161 1160  11.6000  11.6100
1162 1161  11.6100  11.6200
1163 1162  11.6200  11.6300
1164 1163  11.6300  11.6400
1165 1164  11.6400  11.6500
1166 1165  11.6500  11.6600
1167 1166  11.6600  11.6700
1168 1167  11.6700  11.6800
1169 1168  11.6800  11.6900
1170 1169  11.6900  11.7000
1171 1170  11.7000  11.7100
1172 1171  11.7100  11.7200
1173 1172  11.7200  11.7300
1174 1173  11.7300  11.7400
1175 1174  11.7400  11.7500
1176 1175  11.7500  11.7600
1177 1176  11.7600  11.7700
1178 1177  11.7700  11.7800
1179 1178  11.7800  11.7900
1180 1179  11.7900  11.8000
1181 1180  11.8000  11.8100
1182 1181  11.8100  11.8200
1183 1182  11.8200  11.8300
1184 1183  11.8300  11.8400
1185 1184  11.8400  11.8500
1186 1185  11.8500  11.8600
1187 1186  11.8600  11.8700
1188 1187  11.8700  11.8800
1189 1188  11.8800  11.8900
1190 1189  11.8900  11.9000
1191 1190  11.9000  11.9100
1192 1191  11.9100  11.9200
1193 1192  11.9200  11.9300
1194 1193  11.9300  11.9400
1195 1194  11.9400  11.9500
1196 1195  11.9500  11.9600
1197 1196  11.9600  11.9700
1198 1197  11.9700  11.9800
1199 1198  11.9800  11.9900
1200 1199  11.9900  12.0000
1201 1200  12.0000  12.0100
1202 1201  12.0100  12.0200
1203 1202  12.0200  12.0300
1204 1203  12.0300  12.0400
1205 1204  12.0400  12.0500
1206 1205  12.0500  12.0600
1207 1206  12.0600  12.0700
1208 1207  12.0700  12.0800
1209 1208  12.0800  12.0900
1210 1209  12.0900  12.1000
1211 1210  12.1000  12.1100
1212 1211  12.1100  12.1200
1213 1212  12.1200  12.1300
1214 1213  12.1300  12.1400
1215 1214  12.1400  12.1500
1216 1215  12.1500  12.1600
1217 1216  12.1600  12.1700
1218 1217  12.1700  12.1800
1219 1218  12.1800  12.1900
1220 1219  12.1900  12.2000
1221 1220  12.2000  12.2100
1222 1221  12.2100  12.2200
1223 1222  12.2200  12.2300
1224 1223  12.2300  12.2400
1225 1224  12.2400  12.2500
1226 1225  12.2500  12.2600
1227 1226  12.2600  12.2700
1228 1227  12.2700  12.2800
1229 1228  12.2800  12.2900
1230 1229  12.2900  12.3000
1231 1230  12.3000  12.3100
1232 1231  12.3100  12.3200
1233 1232  12.3200  12.3300
1234 1233  12.3300  12.3400
1235 1234  12.3400  12.3500
1236 1235  12.3500  12.3600
1237 1236  12.3600  12.3700
1238 1237  12.3700  12.3800
1239 1238  12.3800  12.3900
1240 1239  12.3900  12.4000
1241 1240  12.4000  12.4100
1242 1241  12.4100  12.4200
1243 1242  12.4200  12.4300
1244 1243  12.4300  12.4400
1245 1244  12.4400  12.4500
1246 1245  12.4500  12.4600
1247 1246  12.4600  12.4700
1248 1247  12.4700  12.4800
1249 1248  12.4800  12.4900
1250 1249  12.4900  12.5000
1251 1250  12.5000  12.5100
1252 1251  12.5100  12.5200
1253 1252  12.5200  12.5300
1254 1253  12.5300  12.5400
1255 1254  12.5400  12.5500
1256 1255  12.5500  12.5600
1257 1256  12.5600  12.5700
1258 1257  12.5700  12.5800
1259 1258  12.5800  12.5900
1260 1259  12.5900  12.6000
1261 1260  12.6000  12.6100
1262 1261  12.6100  12.6200
1263 1262  12.6200  12.6300
1264 1263  12.6300  12.6400
1265 1264  12.6400  12.6500
1266 1265  12.6500  12.6600
1267 1266  12.6600  12.6700
1268 1267  12.6700  12.6800
1269 1268  12.6800  12.6900
1270 1269  12.6900  12.7000
1271 1270  12.7000  12.7100
1272 1271  12.7100  12.7200
1273 1272  12.7200  12.7300
1274 1273  12.7300  12.7400
1275 1274  12.7400  12.7500
1276 1275  12.7500  12.7600
1277 1276  12.7600  12.7700
1278 1277  12.7700  12.7800
1279 1278  12.7800  12.7900
1280 1279  12.7900  12.8000
1281 1280  12.8000  12.8100
1282 1281  12.8100  12.8200
1283 1282  12.8200  12.8300
1284 1283  12.8300  12.8400
1285 1284  12.8400  12.8500
1286 1285  12.8500  12.8600
1287 1286  12.8600  12.8700
1288 1287  12.8700  12.8800
1289 1288  12.8800  12.8900
1290 1289  12.8900  12.9000
1291 1290  12.9000  12.9100
1292 1291  12.9100  12.9200
1293 1292  12.9200  12.9300
1294 1293  12.9300  12.9400
1295 1294  12.9400  12.9500
1296 1295  12.9500  12.9600
1297 1296  12.9600  12.9700
1298 1297  12.9700  12.9800
1299 1298  12.9800  12.9900
1300 1299  12.9900  13.0000
1301 1300  13.0000  13.0100
1302 1301  13.0100  13.0200
1303 1302  13.0200  13.0300
1304 1303  13.0300  13.0400
1305 1304  13.0400  13.0500
1306 1305  13.0500  13.0600
1307 1306  13.0600  13.0700
1308 1307  13.0700  13.0800
1309 1308  13.0800  13.0900
1310 1309  13.0900  13.1000
1311 1310  13.1000  13.1100
1312 1311  13.1100  13.1200
1313 1312  13.1200  13.1300
1314 1313  13.1300  13.1400
1315 1314  13.1400  13.1500
1316 1315  13.1500  13.1600
1317 1316  13.1600  13.1700
1318 1317  13.1700  13.1800
1319 1318  13.1800  13.1900
1320 1319  13.1900  13.2000
1321 1320  13.2000  13.2100
1322 1321  13.2100  13.2200
1323 1322  13.2200  13.2300
1324 1323  13.2300  13.2400
1325 1324  13.2400  13.2500
1326 1325  13.2500  13.2600
1327 1326  13.2600  13.2700
1328 1327  13.2700  13.2800
1329 1328  13.2800  13.2900
1330 1329  13.2900  13.3000
1331 1330  13.3000  13.3100
1332 1331  13.3100  13.3200
1333 1332  13.3200  13.3300
1334 1333  13.3300  13.3400
1335 1334  13.3400  13.3500
1336 1335  13.3500  13.3600
1337 1336  13.3600  13.3700
1338 1337  13.3700  13.3800
1339 1338  13.3800  13.3900
1340 1339  13.3900  13.4000
1341 1340  13.4000  13.4100
1342 1341  13.4100  13.4200
1343 1342  13.4200  13.4300
1344 1343  13.4300  13.4400
1345 1344  13.4400  13.4500
1346 1345  13.4500  13.4600
1347 1346  13.4600  13.4700
1348 1347  13.4700  13.4800
1349 1348  13.4800  13.4900
1350 1349  13.4900  13.5000
1351 1350  13.5000  13.5100
1352 1351  13.5100  13.5200
1353 1352  13.5200  13.5300
1354 1353  13.5300  13.5400
1355 1354  13.5400  13.5500
1356 1355  13.5500  13.5600
1357 1356  13.5600  13.5700
1358 1357  13.5700  13.5800
1359 1358  13.5800  13.5900
1360 1359  13.5900  13.6000
1361 1360  13.6000  13.6100
1362 1361  13.6100  13.6200
1363 1362  13.6200  13.6300
1364 1363  13.6300  13.6400
1365 1364  13.6400  13.6500
1366 1365  13.6500  13.6600
1367 1366  13.6600  13.6700
1368 1367  13.6700  13.6800
1369 1368  13.6800  13.6900
1370 1369  13.6900  13.7000
1371 1370  13.7000  13.7100
1372 1371  13.7100  13.7200
1373 1372  13.7200  13.7300
1374 1373  13.7300  13.7400
1375 1374  13.7400  13.7500
1376 1375  13.7500  13.7600
1377 1376  13.7600  13.7700
1378 1377  13.7700  13.7800
1379 1378  13.7800  13.7900
1380 1379  13.7900  13.8000
1381 1380  13.8000  13.8100
1382 1381  13.8100  13.8200
1383 1382  13.8200  13.8300
1384 1383  13.8300  13.8400
1385 1384  13.8400  13.8500
1386 1385  13.8500  13.8600
1387 1386  13.8600  13.8700
1388 1387  13.8700  13.8800
1389 1388  13.8800  13.8900
1390 1389  13.8900  13.9000
1391 1390  13.9000  13.9100
1392 1391  13.9100  13.9200
1393 1392  13.9200  13.9300
1394 1393  13.9300  13.9400
1395 1394  13.9400  13.9500
1396 1395  13.9500  13.9600
1397 1396  13.9600  13.9700
1398 1397  13.9700  13.9800
1399 1398  13.9800  13.9900
1400 1399  13.9900  14.0000
1401 1400  14.0000  14.0100
1402 1401  14.0100  14.0200
1403 1402  14.0200  14.0300
1404 1403  14.0300  14.0400
1405 1404  14.0400  14.0500
1406 1405  14.0500  14.0600
1407 1406  14.0600  14.0700
1408 1407  14.0700  14.0800
1409 1408  14.0800  14.0900
1410 1409  14.0900  14.1000
1411 1410  14.1000  14.1100
1412 1411  14.1100  14.1200
1413 1412  14.1200  14.1300
1414 1413  14.1300  14.1400
1415 1414  14.1400  14.1500
1416 1415  14.1500  14.1600
1417 1416  14.1600  14.1700
1418 1417  14.1700  14.1800
1419 1418  14.1800  14.1900
1420 1419  14.1900  14.2000
1421 1420  14.2000  14.2100
1422 1421  14.2100  14.2200
1423 1422  14.2200  14.2300
1424 1423  14.2300  14.2400
1425 1424  14.2400  14.2500
1426 1425  14.2500  14.2600
1427 1426  14.2600  14.2700
1428 1427  14.2700  14.2800
1429 1428  14.2800  14.2900
1430 1429  14.2900  14.3000
1431 1430  14.3000  14.3100
1432 1431  14.3100  14.3200
1433 1432  14.3200  14.3300
1434 1433  14.3300  14.3400
1435 1434  14.3400  14.3500
1436 1435  14.3500  14.3600
1437 1436  14.3600  14.3700
1438 1437  14.3700  14.3800
1439 1438  14.3800  14.3900
1440 1439  14.3900  14.4000
1441 1440  14.4000  14.4100
1442 1441  14.4100  14.4200
1443 1442  14.4200  14.4300
1444 1443  14.4300  14.4400
1445 1444  14.4400  14.4500
1446 1445  14.4500  14.4600
1447 1446  14.4600  14.4700
1448 1447  14.4700  14.4800
1449 1448  14.4800  14.4900
1450 1449  14.4900  14.5000
1451 1450  14.5000  14.5100
1452 1451  14.5100  14.5200
1453 1452  14.5200  14.5300
1454 1453  14.5300  14.5400
1455 1454  14.5400  14.5500
1456 1455  14.5500  14.5600
1457 1456  14.5600  14.5700
1458 1457  14.5700  14.5800
1459 1458  14.5800  14.5900
1460 1459  14.5900  14.6000
1461 1460  14.6000  14.6100
1462 1461  14.6100  14.6200
1463 1462  14.6200  14.6300
1464 1463  14.6300  14.6400
1465 1464  14.6400  14.6500
1466 1465  14.6500  14.6600
1467 1466  14.6600  14.6700
1468 1467  14.6700  14.6800
1469 1468  14.6800  14.6900
1470 1469  14.6900  14.7000
1471 1470  14.7000  14.7100
1472 1471  14.7100  14.7200
1473 1472  14.7200  14.7300
1474 1473  14.7300  14.7400
1475 1474  14.7400  14.7500
1476 1475  14.7500  14.7600
1477 1476  14.7600  14.7700
1478 1477  14.7700  14.7800
1479 1478  14.7800  14.7900
1480 1479  14.7900  14.8000
1481 1480  14.8000  14.8100
1482 1481  14.8100  14.8200
1483 1482  14.8200  14.8300
1484 1483  14.8300  14.8400
1485 1484  14.8400  14.8500
1486 1485  14.8500  14.8600
1487 1486  14.8600  14.8700
1488 1487  14.8700  14.8800
1489 1488  14.8800  14.8900
1490 1489  14.8900  14.9000
1491 1490  14.9000  14.9100
1492 1491  14.9100  14.9200
1493 1492  14.9200  14.9300
1494 1493  14.9300  14.9400
1495 1494  14.9400  14.9500
1496 1495  14.9500  14.9600
1497 1496  14.9600  14.9700
1498 1497  14.9700  14.9800
1499 1498  14.9800  14.9900
1500 1499  14.9900  15.0000
1501 1500  15.0000  15.0100
