   0.307964379665985166E+000   0.226127469539642334E+001   0.128758692667770696E+002   0.156117696855519794E+001   0.432987753300360545E+000   0.987992457993212336E+000   0.566131132841110229E+001   0.141162662391880867E+001   0.202763004529349575E-001   0.617483007907867432E+001   0.578387379646301270E-001  -0.181210219860076904E+000  -0.117350750735646230E+006  -0.999999999999999966E+090   1
   0.277276642975276377E+000   0.247922325134277344E+001   0.140376129147208495E+002   0.103479717481070654E+001   0.358302077963463528E+000   0.469267097790448895E+000   0.559087306261062622E+001   0.291177586653507348E+001   0.700246535624767935E-001   0.550397074222564697E+001   0.603876411914825439E+000   0.268915951251983643E+000  -0.115559253461915316E+006  -0.999999999999999966E+090   1
   0.262655593546094690E+000   0.199199366569519043E+001   0.107063880949512686E+002   0.148518827705358425E+001   0.995883625354443858E+000   0.100579723016667755E+001   0.609637433290481567E+001   0.279266712710547660E+001   0.246439359482637621E+000   0.567567771673202515E+001   0.633045196533203125E+000   0.431108474731445312E+000  -0.249538931294333083E+090  -0.999999999999999966E+090   1
   0.261432874315733310E+000   0.146765375137329102E+001   0.116752847882914423E+002   0.854344313174662640E+000   0.126894869306112712E+001   0.969111974990045089E+000   0.578455173969268799E+001   0.267104685817039922E+001   0.624678886387851628E+000   0.580686110258102417E+001   0.708248496055603027E+000   0.483483374118804932E+000  -0.122951142686433901E+006  -0.999999999999999966E+090   1
   0.313217185753172422E+000   0.203094399767290668E+001   0.122015867860807674E+002   0.104528636289468913E+001   0.351891834338829201E+000   0.349703749690588983E+000   0.569107015354156687E+001   0.157216324854876022E+001   0.479884121313179202E+000   0.596107031372756868E+001   0.590665554688246441E+000   0.497704306224169502E+000  -0.125502069016621215E+006  -0.812737174673236787E+090   1
   0.331175115983566692E+000   0.117140595929815605E+001   0.101651833335406110E+002   0.252372570189379863E+000   0.760974297370230590E+000   0.118783826534670878E+001   0.555158851314894708E+001   0.227044758197726715E+001   0.270697811586417314E+000   0.614724841824483192E+001   0.699866616506713446E+000  -0.234872217983881859E+000  -0.117727967721705354E+006  -0.802228575403776773E+090   1
   0.484049258603291899E+000   0.288075113296508789E+001   0.154361186687760963E+002   0.528875090407448512E+000   0.243541965510125608E+000   0.138558019265560661E+001   0.563286429643630981E+001   0.178217462938294013E+001   0.471637412652595386E-001   0.603467738628387451E+001   0.560941398143768311E+000   0.630611360073089600E+000  -0.115627254133840164E+006  -0.999999999999999966E+090   1
   0.362094624092379136E+000   0.136614735827213729E+001   0.133836003608928493E+002   0.919017139296779528E+000   0.916026092715164331E+000   0.920005106575636833E+000   0.561057288914711183E+001   0.188195332148739136E+001   0.307106071421927307E-001   0.588760131561113020E+001   0.333509373238678575E+000   0.610049849734523253E+000  -0.115643635281258699E+006  -0.659551173490646789E+090   1
   0.156882255593188163E+000   0.234298583913760172E+001   0.134123854579595267E+002   0.110275965190714387E+001   0.180826746958122758E+000   0.191389803216471810E+000   0.601456168560969395E+001   0.189908660945354613E+001   0.260571068337010048E+000   0.566155094024742134E+001   0.669253990174475732E+000  -0.218051187248787803E-001  -0.113628186593154736E+006  -0.400546026814734155E+090   1
   0.269023262053325163E+000   0.124897896019879617E+001   0.132329522071571226E+002   0.146052697279081967E+001   0.163242005724492611E+001   0.649563477025886571E+000   0.554542176829592837E+001   0.211449861107481185E+001   0.127289644154670561E+000   0.593481873009918814E+001   0.333249208440383970E+000   0.618118524078984821E+000  -0.112815549377681993E+006  -0.396950621527833330E+090   1
   0.406659343507111082E+000   0.177409793117853476E+001   0.128354002162819825E+002   0.145867131332191624E+001   0.559145681936065397E+000   0.121182150362898011E+001   0.558131571734833898E+001   0.225201560046637228E+001   0.434222216353996437E+000   0.604140171520530700E+001   0.775134561604300942E-001   0.645926482712837924E+000  -0.237712534967027721E+006  -0.358139735614847584E+090   1
   0.211330599786117901E+000   0.158395731449127197E+001   0.126476227512185169E+002   0.156677630765796616E+001   0.158364159974886642E+001   0.437435819419260408E+000   0.599726140499114990E+001   0.290079351558595144E+001   0.156513618316938941E+000   0.641452163457870483E+001   0.642949640750885010E+000  -0.115028321743011475E+000  -0.148934557229943339E+090  -0.999999999999999966E+090   1
   0.347269216632865474E+000   0.127270698547363281E+001   0.914375309133002645E+001   0.728940562863993224E+000   0.171444922738088112E+001   0.104915658656636057E+001   0.589587765932083130E+001   0.266216022430136645E+001   0.163942325450602888E+000   0.595295423269271851E+001   0.606346011161804199E+000   0.298801600933074951E+000  -0.143010429648986319E+006  -0.999999999999999966E+090   1
   0.376650408850924823E+000   0.143778387282506626E+001   0.983970073165654036E+001   0.980793861194972916E+000   0.135250208070134703E+001   0.679625823291744147E+000   0.600812557214577225E+001   0.241161612943926196E+001   0.138195444894384734E+000   0.632055493251662881E+001   0.139377784009529881E+000   0.654964926173262407E+000  -0.388100516956361011E+006  -0.754133851165585436E+090   1
   0.494591998333140936E+000   0.188088712409635228E+001   0.154463291203591879E+002   0.955699792347994181E+000   0.900584217992705494E+000   0.103432514382440344E+001   0.623556063926133142E+001   0.250786873046928349E+001   0.273336937932787516E+000   0.630771945114060006E+001   0.317269180625168734E+000   0.667095275305579660E+000  -0.193222051915582053E+090  -0.869163685619002309E+090   1
   0.496595125766264411E+000   0.210769249628723809E+001   0.131536206310719805E+002   0.195748981940598032E+000   0.879044703904504843E+000   0.717582071274779465E+000   0.591001957723392479E+001   0.283838827322992415E+001   0.161098860776396929E+000   0.632338696038558012E+001   0.624434632855504712E+000   0.543053689443385279E+000  -0.115048908411751327E+006  -0.700645599136044585E+090   1
   0.331124583366352088E+000   0.115377224676203882E+001   0.122705385917086680E+002   0.565147973908740497E+000   0.139756796017152429E+001   0.126077160924045462E+001   0.629033306079302612E+001   0.277864142261545100E+001   0.120468772180125583E+000   0.646249113808184816E+001   0.601643815619175015E+000   0.322744349009709941E+000  -0.142305879881037088E+090  -0.411644566259728436E+090   1
   0.314275566393400707E+000   0.185046715770937187E+001   0.138134477115839722E+002   0.152770264517284537E+000   0.125105080847285999E+001   0.692432084436542472E+000   0.623141590210768292E+001   0.277077728606354601E+001   0.453913722161205735E+000   0.609637488107177372E+001   0.424310914385753857E+000   0.608527205835703189E+000  -0.207665205281534761E+090  -0.376675756390723710E+090   1
   0.291157383360797939E+000   0.125513767980902702E+001   0.115693230219423242E+002   0.944060648389356771E+000   0.113031542119227923E+001   0.665913948521806520E+000   0.560854589434911688E+001   0.267566804939603520E+001   0.437273702229264816E+000   0.572349647852306642E+001   0.582149118439193258E+000  -0.365959855636290854E-001  -0.115460312198952757E+006  -0.264995881122771517E+090   1
   0.307371931337596382E+000   0.168630944624537937E+001   0.996775286766058599E+001   0.224282739283905602E+000   0.660546927291719821E+000   0.119478250690680476E+001   0.558869151576290513E+001   0.122623400299228713E+001   0.222324554543287173E+000   0.615614039961636994E+001  -0.131161479551915428E+000  -0.102402329205939724E+000  -0.144400315813788970E+006  -0.742318450460094836E+090   1
   0.462817941533759880E+000   0.153642809391021729E+001   0.869140613491361158E+001   0.413159283059207683E+000   0.905092797472974220E+000   0.698839909550078575E+000   0.590541636943817139E+001   0.215651491153499153E+001   0.538484002871168710E+000   0.630032026767730713E+001   0.182706177234649658E+000  -0.211892366409301758E+000  -0.126528893776168402E+090  -0.999999999999999966E+090   1
   0.403231050536353941E+000   0.158970390730289646E+001   0.916277466943910390E+001   0.683899244414149843E+000   0.132613346848472746E+001   0.450233787301346278E+000   0.567867235388738667E+001   0.180369937012102421E+001   0.336834713375896599E+000   0.643958550159069620E+001   0.170321624571054708E+000   0.296724771438467649E+000  -0.181773627336427772E+090  -0.540455870973626354E+090   1
   0.211525695786547729E+000   0.117378418520696393E+001   0.998774137863498090E+001   0.628653933870734427E+000   0.141316157473848047E+001   0.239252344585103999E+000   0.643392522273411238E+001   0.265947607578391798E+001   0.942705655615067917E+000   0.585137120817862133E+001  -0.235747429132580621E-001   0.314735457557408282E+000  -0.108177837826385893E+090  -0.459509047663282834E+090   1
   0.318377945981570321E+000   0.107485961914062500E+001   0.126982928597611817E+002   0.935625630653384555E+000   0.249915239683266899E+001   0.552649180762254888E+000   0.582068562507629395E+001   0.258010127021881308E+001   0.353200386566381697E+000   0.614554005861282349E+001  -0.787755250930786133E-001   0.119323134422302246E-001  -0.396084362610245880E+006  -0.999999999999999966E+090   1
   0.461165469147803264E+000   0.167988407611846924E+001   0.137494241724641455E+002   0.440945976625223626E-001   0.126870074010719214E+001   0.516470549479513763E+000   0.603954249620437622E+001   0.288945242817441938E+001   0.705175419942605131E+000   0.639148801565170288E+001  -0.510178804397583008E-001   0.262364268302917480E+000  -0.180657999299012532E+090  -0.999999999999999966E+090   1
   0.421002471066857953E+000   0.128123469568263015E+001   0.139544166216068177E+002   0.604356180665623910E+000   0.241959453533915836E+001   0.811983948393645960E+000   0.626747757472575628E+001   0.263787469635661154E+001   0.100559136745242875E+000   0.603636315373774490E+001   0.861429099726090941E-001   0.322811021676785992E-001  -0.181335814366991908E+090  -0.552294461783250039E+090   1
   0.268555450453688949E+000   0.117227002476823539E+001   0.790601278981009159E+001   0.959981422356760761E+000   0.220491561514182965E+001   0.720792954689776555E+000   0.619556462375544914E+001   0.260816652235061319E+001   0.166248598060686370E+000   0.615148425886397376E+001   0.241964079449345948E+000   0.283465232921285337E+000  -0.173877271114781908E+090  -0.503832273536494387E+090   1
   0.342239391752477529E+000   0.110507222390014559E+001   0.915813201986896175E+001   0.116670519762072633E+001   0.202098406742576397E+001   0.778870557693025600E+000   0.578868610742488165E+001   0.247589166230145752E+001   0.475133286780525022E+000   0.584864142906897833E+001  -0.433281134397923429E-001   0.119057866776846655E+000  -0.113571688970246716E+006  -0.462918554772259193E+090   1
   0.345957665259245872E+000   0.114971580930976813E+001   0.864319720757437437E+001   0.309995405362363752E+000   0.214973551794649209E+001   0.283730110781294398E+000   0.631987886776887731E+001   0.233774852208511863E+001   0.119223490680803623E+000   0.600153418961820062E+001   0.406208768034075018E+000   0.351570993036235624E+000  -0.612669152841038187E+006  -0.374241063147885972E+090   1
   0.431442922414376762E+000   0.100848874483404605E+001   0.622525165018356752E+001   0.114466095704693749E+001   0.186984742579629915E+001   0.147457420409502077E+000   0.595960443253590011E+001   0.190219339530431597E+001   0.595091339060046187E+000   0.605708282027203815E+001   0.166853741205763462E+000   0.225376621485340323E-002  -0.158712934745695093E+006  -0.335465471795204395E+090   1
   0.288429315303732059E+000   0.102242124080657959E+001   0.154226680631602875E+002   0.155616579257259424E+001   0.895434795999322741E+000   0.310476787984078906E+000   0.579464411735534668E+001   0.234947358449599530E+001   0.490690705570685226E+000   0.555698788166046143E+001  -0.367975234985351562E-002   0.178754508495330811E+000  -0.111296136690451181E+006  -0.999999999999999966E+090   1
   0.416031238536284376E+000   0.170448362827301025E+001   0.150554549440111352E+002   0.952564092257483841E+000   0.103750544047082338E-001   0.386244177309679526E+000   0.611907333135604858E+001   0.246905408950813587E+001   0.124886233950354297E+001   0.597058236598968506E+001   0.347048640251159668E-001   0.105584859848022461E-001  -0.153986584610599888E+090  -0.999999999999999966E+090   1
   0.327773098157224496E+000   0.220782232284545898E+001   0.129194230504966434E+002   0.684645592202967945E+000   0.149584454647649334E+001   0.494085871123158049E+000   0.569064271450042725E+001   0.162503495944593701E+001   0.705950223483539530E+000   0.576012235879898071E+001  -0.913031697273254395E-001  -0.701858401298522949E-001  -0.115348455457873104E+006  -0.999999999999999966E+090   1
   0.321588033119625638E+000   0.218432208258352478E+001   0.128109812222026918E+002   0.690567908561960375E+000   0.548275361352258850E+000   0.750237700594716395E+000   0.564624286402457276E+001   0.199284360307501252E+001   0.484541556831257436E+000   0.565542593938158067E+001   0.223526601034505945E+000   0.913497204618771708E-001  -0.115567479652412949E+006  -0.827789981439742279E+090   1
   0.355342322769020447E+000   0.184503726041650085E+001   0.113852039558766158E+002   0.686913205329120702E+000   0.151568662482796900E-001   0.111767380396380657E-001   0.606953854838721529E+001   0.103692759843444571E+001   0.330450778483216967E+000   0.595875354479103692E+001   0.167954350094757732E+000   0.156455271844592736E+000  -0.116316800617764413E+006  -0.650590033767878178E+090   1
   0.233951511689978048E+000   0.152323676805841579E+001   0.156309551753694613E+002   0.994546738372517058E+000   0.605429312703788414E+000   0.436253758201578246E+000   0.576715383885764687E+001   0.198982664846848345E+001   0.285150055107137146E+000   0.561188832766875567E+001   0.298129939761321072E+000   0.738298166008142798E-001  -0.124432839973504102E+006  -0.478625915218590664E+090   1
   0.310054549639768529E+000   0.147715454639010546E+001   0.126830615010405729E+002   0.146146904498108965E+001   0.155171422674370807E+001   0.313475772048737056E+000   0.572663380657577026E+001   0.177069169935173898E+001   0.102156030491592359E-001   0.577782180442825233E+001   0.633415840838287836E-001   0.183693840919542550E+000  -0.115560482772869858E+006  -0.454509661828129201E+090   1
   0.308899575712806407E+000   0.209768813368213136E+001   0.121338679722097638E+002   0.144319702739220235E+001   0.347311492041902509E-001   0.150663645347951125E+000   0.575706856338366890E+001   0.148328369505798308E+001   0.933710929183341309E+000   0.580900484495405056E+001   0.171887601532367207E+000   0.405574473689376047E+000  -0.116003374018523828E+006  -0.521142648633544449E+090   1
   0.399003529095541987E+000   0.214284622669219971E+001   0.119179184313293351E+002   0.840222597127265547E+000   0.130718752978122921E+001   0.684617037502009973E+000   0.558447927236557007E+001   0.213794707153850538E+001   0.441957563907429407E+000   0.581556582450866699E+001  -0.211830019950866699E+000   0.495180726051330566E+000  -0.115442458195167375E+006  -0.999999999999999966E+090   1
   0.362914137604322506E+000   0.151608000074829574E+001   0.140582178869415948E+002   0.104485801523328337E+001   0.303633200333946023E-001   0.831637813627677636E+000   0.577723207097195868E+001   0.255390144899497873E+001   0.118784698263911936E+001   0.569022542166644296E+001   0.225952716166958445E+000  -0.223637943251505683E+000  -0.117384391681273541E+006  -0.343351577253944583E+090   1
   0.342799031372845397E+000   0.165226733684539795E+001   0.121815810590392424E+002   0.985367519525872204E+000   0.432016339123849680E+000   0.113143771167056317E+001   0.616736233234405518E+001   0.246366892561727591E+001   0.137703023651647016E+001   0.640374845266342163E+001   0.161969721317291260E+000  -0.739061832427978516E-002  -0.181306776800585919E+090  -0.999999999999999966E+090   1
   0.194237800468633037E+000   0.147031712532043457E+001   0.125829117110547486E+002   0.636212427091495170E+000   0.165818187173088982E+001   0.454253432410774760E+000   0.596010875701904297E+001   0.296658582021884110E+001   0.796700327190497992E+000   0.563151901960372925E+001   0.827568769454956055E-002   0.434222817420959473E-001  -0.162432748180519289E+090  -0.999999999999999966E+090   1
   0.161298534026990237E+000   0.156195229833626481E+001   0.127503869121412912E+002   0.831246521660723769E+000   0.104554154351544426E+001   0.340461518589517786E+000   0.602574117001972986E+001   0.163409101266276902E+001   0.105971609652106880E+001   0.623649357328125831E+001  -0.229383374620135694E+000   0.725574966821300515E+000  -0.177052985908705533E+090  -0.573848455606444317E+090   1
   0.202307852565267565E+000   0.160640725623965386E+001   0.158154747833157892E+002   0.957455255326888688E+000   0.111157156220925390E+001   0.839824678376151046E+000   0.630924043415175895E+001   0.281040693765020633E+001   0.427544360744717633E+000   0.632564802700632001E+001  -0.226899564640012597E+000   0.481772121776340101E+000  -0.213572691976586664E+090  -0.863135062528158439E+090   1
   0.302178308661973982E+000   0.165280397329327444E+001   0.150041779599523579E+002   0.440994254433523913E+000   0.204687058086003937E+001   0.146622360818579156E+000   0.589224662067930804E+001   0.266475008580945127E+001   0.980519567468299047E+000   0.588992994500468203E+001  -0.899304224318982492E-001  -0.463569159325161184E-001  -0.137683537076541019E+006  -0.366031293200290159E+090   1
   0.377905594169133163E+000   0.187347982182233608E+001   0.112453287786585001E+002   0.131827524766831372E+001   0.945541684377108393E+000   0.876815444859602611E+000   0.573261004691934950E+001   0.244200350729698945E+001   0.813500228918929813E+000   0.573373371081825933E+001   0.200773026052915582E-001  -0.138221049247982425E+000  -0.115925505517584374E+006  -0.326051039256358704E+090   1
   0.337453257955121266E+000   0.130578406639873279E+001   0.159932268592417515E+002   0.121087567290716502E+001   0.166380080523218554E+001   0.435144729293534427E+000   0.564004960237368724E+001   0.239229640976486868E+001   0.995911833805561808E+000   0.567605635080805460E+001   0.652401546183256964E+000   0.446481926421438802E+000  -0.115054802601031188E+006  -0.325307832886469786E+090   1
   0.340106598703835306E+000   0.207099189310289944E+001   0.155265078407118295E+002   0.145799920772723501E+001   0.335119299894201528E+000   0.555008599793676699E-001   0.565750246816985136E+001   0.135022333236428937E+001   0.858259628964406884E+000   0.586678301023824122E+001   0.239718486189312019E-001   0.344108020388335989E+000  -0.207986269139408600E+006  -0.319299626493537279E+090   1
   0.329820100772165170E+000   0.217394714911104270E+001   0.119946180336524257E+002   0.504885557805897611E+000   0.961836719173229993E+000   0.619846902675075584E+000   0.565605396380097769E+001   0.197556032111103885E+001   0.108970829301495598E+000   0.575088079211858982E+001   0.535795705280192602E-001   0.452798043665417094E+000  -0.115606963570038657E+006  -0.318808871950954083E+090   1
   0.291985104845315757E+000   0.138741971280074372E+001   0.146706277995969714E+002   0.261248754396079474E+000   0.683999021914087457E+000   0.212850844678772778E-002   0.590378805239676563E+001   0.220123197985993269E+001   0.970373665398153507E+000   0.564722830325659597E+001   0.177092465378209440E+000  -0.123746388086714953E+000  -0.115695013187034507E+006  -0.256376214828096086E+090   1
