   0.310982874778518215E+000   0.109378194808959961E+001   0.115496867239677901E+002   0.877029669280909530E+000   0.484698762895702295E+000   0.204988866163407779E+000   0.597890079021453857E+001   0.245053733717687550E+001   0.705426207185760545E+000   0.595188200473785400E+001   0.185284733772277832E+000  -0.338072776794433594E-001  -0.230414579487120791E+006  -0.999999999999999966E+090   1
   0.237631542899027354E+000   0.116289865970611572E+001   0.729488859332710682E+001   0.760225863084232123E+000   0.219776230647427395E+001   0.948298503959096428E+000   0.555519300699234009E+001   0.225906918895405484E+001   0.393521776246125221E+000   0.602030014991760254E+001  -0.218798577785491943E+000  -0.571904778480529785E-001  -0.147000780753315688E+006  -0.999999999999999966E+090   1
   0.317409200146873127E+000   0.142497646808624268E+001   0.938464885874487464E+001   0.237601387002451370E+000   0.696303310858317537E+000   0.281075957794880316E+000   0.560580021142959595E+001   0.121770233794474447E+001   0.894993591269607425E+000   0.582743084430694580E+001   0.123054742813110352E+000  -0.899443030357360840E-001  -0.116792706598078701E+006  -0.999999999999999966E+090   1
   0.201026841368081383E+000   0.116068577766418457E+001   0.672457298449884000E+001   0.724225526918825246E+000   0.633356570465077873E+000   0.106090496837743342E+001   0.585582983493804932E+001   0.300208407504431785E+001   0.858096728512340756E+000   0.578366136550903320E+001  -0.221769571304321289E+000   0.434282302856445312E+000  -0.114057380696574066E+006  -0.999999999999999966E+090   1
   0.204994612215797012E+000   0.117550993998338238E+001   0.928062818239388676E+001   0.260032212715273103E+000   0.106199796710965444E+001   0.127594739462041723E+000   0.591569670397477765E+001   0.217809199388309427E+001   0.471206838672308337E+000   0.567944078143964592E+001   0.202645385830860392E+000   0.325459238618716062E-001  -0.116012972962779648E+006  -0.778272609351576514E+090   1
   0.285462051820921658E+000   0.129413056373596191E+001   0.709204195755915912E+001   0.460989220738975025E+000   0.159293656067109612E+001   0.945693757708037985E+000   0.579176253080368042E+001   0.178223432522618941E+001   0.251851763363444892E+000   0.568942064046859741E+001   0.252108752727508545E+000   0.282804429531097412E+000  -0.116015718672170551E+006  -0.999999999999999966E+090   1
   0.350138170082191447E+000   0.108886113434570619E+001   0.805952608094007772E+001   0.921045339560509713E+000   0.524046520478898881E+000   0.605630665817140437E-001   0.599379719804855249E+001   0.210921781131460451E+001   0.600132371883439264E+000   0.597365744072378746E+001  -0.139148478970765044E-001  -0.487782412725249193E-001  -0.153761629854353989E+006  -0.576903297514663121E+090   1
   0.329422164126885630E+000   0.123698682885908662E+001   0.677485155879823608E+001   0.667485639893375393E+000   0.193877560689571116E+001   0.790514811866089850E+000   0.585501586006116703E+001   0.218374044009556956E+001   0.300454405748763198E+000   0.606035001397832040E+001   0.206796081401790344E+000   0.130136020398825436E+000  -0.120493673788097149E+006  -0.547385618894875577E+090   1
   0.292522398108933601E+000   0.100756157407643721E+001   0.851757437615013657E+001   0.209263903288522929E+000   0.256966195926662422E+000   0.871572756756943789E+000   0.585704525349596938E+001   0.170430848297089499E+001   0.840257090464918588E+000   0.555679915317716677E+001   0.168884629779812445E-001   0.226709385913915651E+000  -0.115012279089693999E+006  -0.435881975287608163E+090   1
   0.360798260976694429E+000   0.153021737285267401E+001   0.102135138047564169E+002   0.357310447697720857E+000   0.131627915869317880E+001   0.684752384046516616E+000   0.591480068559140371E+001   0.309461713762570678E+001   0.678451924241813664E+000   0.574994265750050193E+001   0.417525700856299031E+000  -0.126117333206399479E+000  -0.125012815839911564E+006  -0.451705346514389415E+090   1
   0.184103284865704375E+000   0.152364718914031982E+001   0.104183952085187492E+002   0.660606693669692935E+000   0.631273204249108821E+000   0.209762052447566738E+000   0.568602156639099121E+001   0.208015157715505472E+001   0.179867221883427714E+000   0.616858762502670288E+001   0.186069130897521973E+000  -0.801683664321899414E-001  -0.512958504516230663E+006  -0.999999999999999966E+090   1
   0.177996042586607450E+000   0.185042394954529854E+001   0.146011801368356444E+002   0.797934376127447886E+000   0.182674547558021483E+001   0.821743805714610365E+000   0.572275461298736321E+001   0.216827466090224608E+001   0.258746352750780229E+000   0.590402422345571498E+001  -0.226570566981554866E-001  -0.242267970862888149E+000  -0.152723415208567953E+006  -0.691230802530874628E+090   1
   0.242064037807354027E+000   0.168987548351287842E+001   0.107883765152674620E+002   0.250769279497994102E+000   0.177760368685251158E+001   0.687357089174711167E+000   0.586388593912124634E+001   0.298277406039477011E+001   0.102121586876918372E+000   0.626385742425918579E+001  -0.157612562179565430E-002  -0.243732154369354248E+000  -0.114783765272405144E+006  -0.999999999999999966E+090   1
   0.311226232354870069E+000   0.141558647155761719E+001   0.923476812038829031E+001   0.734777843235386530E+000   0.934803549652149290E+000   0.398914824064541318E+000   0.579349380731582642E+001   0.244920344385185729E+001   0.182200515723270562E+000   0.585012012720108032E+001   0.285588264465332031E+000   0.448760509490966797E+000  -0.115876048071519981E+006  -0.999999999999999966E+090   1
   0.302988518029256637E+000   0.153356821690068479E+001   0.103295901219396029E+002   0.744634853472430747E+000   0.833395565802478200E+000   0.196242943023196170E+000   0.555467560569482632E+001   0.196476883485447051E+001   0.267510807786047189E+000   0.554879853428687131E+001   0.284945630609124145E+000  -0.216655461442241792E+000  -0.115567851004257493E+006  -0.433964666514835988E+090   1
   0.320182804171677549E+000   0.135694694519042969E+001   0.887542509513206745E+001   0.967313737464827295E+000   0.118155618689807881E+000   0.110888481323574495E+001   0.610926061868667603E+001   0.255086602630827874E+001   0.112366620586672483E+001   0.624686092138290405E+001   0.403977155685424805E+000   0.154691636562347412E+000  -0.147694040679742276E+090  -0.999999999999999966E+090   1
   0.261584535613994307E+000   0.104419477058311627E+001   0.690917817879523000E+001   0.842261918497198114E+000   0.147215545512373946E+001   0.638610579688208113E+000   0.592407437594585762E+001   0.166076241145470749E+001   0.249731505478169080E+000   0.611276253529200808E+001  -0.298702425628620538E-001   0.497508258639168810E-001  -0.157204454055860988E+006  -0.343081201886151837E+090   1
   0.304517711122614887E+000   0.141366573369987036E+001   0.851108787375826203E+001   0.185152618160576821E+000   0.163048205441269389E+001   0.972685182983549779E+000   0.593893026545524272E+001   0.296890243115793862E+001   0.385873621461087016E-001   0.598075496040581811E+001   0.198262960832377988E+000   0.171584163025878866E+000  -0.120633663031872100E+006  -0.286752853538768497E+090   1
   0.274789322809084746E+000   0.140574516316294140E+001   0.858674644064944026E+001   0.615763110661398438E+000   0.481272077926550690E+000   0.298751332974309558E+000   0.577294826497299240E+001   0.246100949869633645E+001   0.235970515954876586E+000   0.600977127928988697E+001   0.546259268419782562E-001   0.306793490639655109E+000  -0.114271044129846516E+006  -0.245905481139204911E+090   1
   0.351157956944511851E+000   0.123640358448028564E+001   0.141876357175132881E+002   0.695769978089476049E+000   0.158000816282799439E+000   0.490562226200030649E+000   0.619173485040664673E+001   0.195237327965005925E+001   0.712003995634594267E+000   0.581157547235488892E+001  -0.213202655315399170E+000   0.822623372077941895E-001  -0.154850676413492264E+090  -0.999999999999999966E+090   1
   0.319702114448623342E+000   0.163470816612243652E+001   0.141193985828810220E+002   0.905851215552782724E-001   0.132621328742169964E+001   0.389135337179599028E+000   0.589244806766510010E+001   0.171745535285409834E+001   0.764344471476243736E+000   0.568361818790435791E+001   0.109589993953704834E+000   0.152934670448303223E+000  -0.115519411547415744E+006  -0.999999999999999966E+090   1
   0.353287588978890954E+000   0.161857092380523682E+001   0.113560591046001811E+002   0.589486768944686879E+000   0.791611935127636279E+000   0.397083478741200535E+000   0.603311073780059814E+001   0.309007406378499816E+001   0.110491540986571476E+000   0.565901792049407959E+001   0.113453030586242676E+000   0.415518522262573242E+000  -0.135459716184442397E+006  -0.970653712733546779E+090   1
   0.421108934484887898E+000   0.158647048473358154E+001   0.115216241704547357E+002   0.715384984398164392E-001   0.124512687032148572E+001   0.432446630699721446E+000   0.596677011251449585E+001   0.131666157823320673E+001   0.139143049238268435E+001   0.553602850437164307E+001   0.389945268630981445E+000   0.445831537246704102E+000  -0.117841567800045494E+006  -0.999999999999999966E+090   1
   0.366481592909043197E+000   0.115656298958215031E+001   0.104998635537951159E+002   0.266202629826926385E+000   0.134903502962130140E+001   0.838155373776577478E-001   0.608783177351492455E+001   0.158790201348859128E+001   0.122262410991424697E+001   0.579563300262909031E+001   0.159008544856237832E+000   0.349742270406223188E+000  -0.112926942484977451E+006  -0.466000115915070052E+090   1
   0.371326801697868636E+000   0.109135134379262344E+001   0.119997718043178700E+002   0.400044760920673315E+000   0.664444115612815911E+000   0.688495436270818884E+000   0.588379016567044566E+001   0.211963998895630690E+001   0.380720944761908708E+000   0.591162197298180114E+001  -0.162648805677121366E+000   0.489778041140178089E+000  -0.109302131687667235E+006  -0.391558200417006187E+090   1
   0.148726355473563804E+000   0.199652123451232910E+001   0.139342796577344856E+002   0.561313325079909164E+000   0.186240131422886701E+000   0.514390474079068682E+000   0.636689317226409912E+001   0.226785140188097722E+001   0.115928528798352914E+001   0.579479414224624634E+001  -0.964689254760742188E-001   0.240063786506652832E+000  -0.135007413445893436E+090  -0.999999999999999966E+090   1
   0.313663386670704702E+000   0.228486812114715576E+001   0.120499390494932275E+002   0.112037262592519851E+000   0.191007003570500045E+000   0.122133633564740474E+001   0.582445031404495239E+001   0.238707897159415783E+001   0.123945687484311645E+000   0.577289551496505737E+001  -0.188652455806732178E+000  -0.876824855804443359E-001  -0.115474298015334309E+006  -0.999999999999999966E+090   1
   0.331029550390210814E+000   0.215012304709514357E+001   0.113014856315085801E+002   0.328584441615774464E-001   0.754813082464195761E+000   0.465916453132735719E+000   0.567557134456612733E+001   0.256615053610465793E+001   0.601641804606725561E+000   0.612519152929956157E+001  -0.101901651493161161E+000  -0.194136447998954548E+000  -0.120233791808103400E+006  -0.771605229239713709E+090   1
   0.418919628561689350E+000   0.137823987007141113E+001   0.121144473375009714E+002   0.611674216975087170E-001   0.259341714869172180E+000   0.980704666734058206E+000   0.566168826818466187E+001   0.203513267743569148E+001   0.425341927219127502E+000   0.581209981441497803E+001   0.399032950401306152E+000  -0.105679035186767578E+000  -0.115656509438534573E+006  -0.999999999999999966E+090   1
   0.448137241590079560E+000   0.148835277860126269E+001   0.102741426346477667E+002   0.983060126146459989E-001   0.201480802981859719E+000   0.119452279561162467E+001   0.583523221173298356E+001   0.249556462246136590E+001   0.340687952127733895E+000   0.625788120789964530E+001   0.194627754316548551E+000  -0.192743036237493670E+000  -0.119632340364222444E+006  -0.737689432448650503E+090   1
   0.398418440505593441E+000   0.209157710088631799E+001   0.136633021380361797E+002   0.240974405648344853E+000   0.230705367034473696E+000   0.896498827848779434E+000   0.571477959623759357E+001   0.134944777899980162E+001   0.523745011024271512E+000   0.575104509922817542E+001  -0.451870447164884337E-001  -0.142630221059634049E+000  -0.115675820181627714E+006  -0.737286484516293518E+090   1
   0.453603055578306047E+000   0.203436499472297871E+001   0.126692174906834829E+002   0.499875140889558117E-001   0.414488483054250068E+000   0.552070980250394583E+000   0.585476853076470150E+001   0.196866862866050507E+001   0.701827823243677096E+000   0.601538905197989848E+001   0.136226665993866458E+000  -0.428271906858680163E-001  -0.120500156981904322E+006  -0.521187230112395490E+090   1
   0.465600849162765784E+000   0.147859471564122691E+001   0.895793261430817012E+001   0.293257712829278872E+000   0.128391731528705616E+000   0.106390813410095797E+001   0.564196060519320763E+001   0.170612627603271316E+001   0.209093880055029241E+000   0.633102631010949679E+001  -0.288323298689617258E-001  -0.119717671606142634E+000  -0.220068522041380289E+006  -0.499748459062871008E+090   1
   0.388604086047509401E+000   0.236775191741189239E+001   0.131195747795630133E+002   0.499298898842394534E+000   0.354854831848369023E+000   0.548128685477935584E+000   0.596905989741567122E+001   0.232482206461769092E+001   0.641731720133224881E+000   0.578514741927109899E+001   0.186154624226901877E-001  -0.253288916864605751E-001  -0.114762035499540143E+006  -0.477843808128555429E+090   1
   0.450329466229800968E+000   0.154497206143214028E+001   0.140253652700699369E+002   0.222616178359660716E+000   0.391256794175703915E+000   0.447197186070141250E+000   0.576514143696821257E+001   0.273304793765929244E+001   0.949154750632074884E+000   0.611682151076898251E+001   0.384445065116072238E+000  -0.151702676615684012E+000  -0.190739596653516463E+006  -0.399521093850386573E+090   1
   0.359998648185646863E+000   0.136257016658782959E+001   0.124146067325611646E+002   0.540703381981674891E+000   0.728801802776942065E+000   0.373862842907659976E+000   0.583364182710647583E+001   0.298872399561768720E+001   0.456461052106396536E+000   0.620534652471542358E+001   0.317411839962005615E+000  -0.235338270664215088E+000  -0.118119386448192061E+006  -0.999999999999999966E+090   1
   0.298134944658432210E+000   0.149425528074478908E+001   0.126449551279716168E+002   0.516521582848604166E+000   0.126148760321090680E+001   0.159840674647306585E+000   0.579631816757212182E+001   0.211330746478766329E+001   0.645467391525884282E+000   0.637228322517805701E+001  -0.767896689052308123E-002   0.307385988297788959E+000  -0.100593202463600681E+090  -0.351031881828686378E+090   1
   0.209697334973889649E+000   0.104991384411600075E+001   0.146858455278865492E+002   0.101906428635659269E+000   0.134319059773277605E+001   0.203045086884714870E+000   0.573090262588963739E+001   0.268498524179494424E+001   0.657403061619079354E+000   0.624117785788865564E+001   0.276947219266238887E+000  -0.984112736462227911E-001  -0.115778692655461738E+006  -0.333109014036749154E+090   1
   0.242841051616531522E+000   0.204912637768391104E+001   0.159868241611884798E+002   0.478327235475076995E+000   0.845594211212838953E+000   0.134374634369529206E+000   0.602080637119540185E+001   0.266156368988452297E+001   0.106429845287941349E+001   0.579499011593396052E+001  -0.115951543620394226E+000   0.366461534200902883E+000  -0.104773672871937757E+006  -0.299226941212544539E+090   1
   0.229895691778935096E+000   0.109336568735913109E+001   0.119462879452372555E+002   0.677523113772942720E+000   0.133165153649191970E+001   0.330525814940111740E+000   0.582490087272280643E+001   0.276473809977001617E+001   0.758711402108166233E+000   0.613457044213346503E+001   0.373566433455839508E+000   0.138184407267039511E+000  -0.129170267777493969E+007  -0.289182721417843239E+090   1
   0.354407503729258333E+000   0.202977810631559485E+001   0.130646460677730829E+002   0.532494291892325666E+000   0.109806510385108669E+001   0.651204010081423146E-001   0.594976785608524761E+001   0.233953164538018887E+001   0.112903985519977113E+001   0.550288069351411746E+001  -0.195469463070367666E-001  -0.228079204993646728E+000  -0.115284316091538334E+006  -0.267459891770074310E+090   1
   0.342672227356598302E+000   0.108497198161884056E+001   0.880112874103410192E+001   0.436926240176394753E+000   0.649342357222348565E+000   0.104121168332230774E+001   0.557427146711610710E+001   0.267094961876006920E+001   0.132847507280326654E+000   0.618541745500312867E+001   0.238697101805200207E+000  -0.214403651872789924E+000  -0.115586935092401473E+006  -0.211233287838772707E+090   1
   0.449945858931666054E+000   0.162751667171287506E+001   0.148764952011900995E+002   0.573317937452187065E+000   0.289349784883095928E+000   0.331556665343783641E+000   0.604093230923172353E+001   0.237091452550297754E+001   0.810238324521784126E+000   0.624340459632928013E+001  -0.157663995410644964E+000  -0.172242477717495152E+000  -0.162130774563058158E+090  -0.186259519591618778E+090   1
   0.307842476291153855E+000   0.128186858358279610E+001   0.151107938282242564E+002   0.988465482352317348E+000   0.498214853444193306E+000   0.648720218014549876E-001   0.567615079556143254E+001   0.171301927032462720E+001   0.537252165333633402E+000   0.578331283661706763E+001   0.204246125013036517E+000  -0.267158663737018520E-001  -0.125773801596462406E+006  -0.535598259627384919E+090   1
   0.319479916141982956E+000   0.247693479061126709E+001   0.140636610497041765E+002   0.134971454909712141E+001   0.188819856394835051E+001   0.964833443633661192E+000   0.629982823133468628E+001   0.219750742955105904E+001   0.136427823022841815E+000   0.578957313299179077E+001   0.312591135501861572E+000   0.498590111732482910E+000  -0.157171668414368181E+090  -0.999999999999999966E+090   1
   0.312882888857895891E+000   0.264400112628936768E+001   0.148029381678169578E+002   0.737296109575842462E+000   0.152694402233200965E+001   0.906756934288325489E+000   0.567550760507583618E+001   0.152902757568228354E+001   0.399130826499921321E+000   0.579008144140243530E+001   0.364089667797088623E+000   0.222313642501831055E+000  -0.115063616112528878E+006  -0.999999999999999966E+090   1
   0.387833302523972134E+000   0.118968820571899414E+001   0.113361480153190222E+002   0.116010848077477680E+001   0.787695588395596391E+000   0.771289651080318994E+000   0.565711641311645508E+001   0.175446041310228051E+001   0.107756071183711583E+000   0.617743444442749023E+001   0.157234489917755127E+000   0.468306064605712891E+000  -0.716032630649267667E+005  -0.999999999999999966E+090   1
   0.486915378090633455E+000   0.247739994525909424E+001   0.153909670049697809E+002   0.668105258832451199E+000   0.122729970790362231E+001   0.101187494024996472E+001   0.588259994983673096E+001   0.253322000989751617E+001   0.726760600798792705E-001   0.610003566741943359E+001   0.143952310085296631E+000   0.993859171867370605E-001  -0.139221260846424935E+006  -0.999999999999999966E+090   1
   0.380141513913577422E+000   0.192663705348968506E+001   0.140773116489432759E+002   0.820664629523782940E+000   0.709986009826520936E+000   0.786421221511129503E-001   0.588465881347656250E+001   0.153267295194089104E+001   0.355564623437922278E-001   0.562917441129684448E+001  -0.127595663070678711E-002   0.454359054565429688E+000  -0.115415856060924300E+006  -0.999999999999999966E+090   1
   0.370156815649075210E+000   0.246182453094341636E+001   0.152634972952022210E+002   0.627188724873830483E+000   0.721575738013874091E+000   0.330121668775564647E+000   0.590053274461490940E+001   0.211798581028329291E+001   0.477857489718535644E+000   0.589727573929327331E+001   0.272657901132107194E+000   0.475197380605447472E+000  -0.113968628841678583E+006  -0.365644943719311294E+090   1
   0.243338835045713575E+000   0.270845568180084229E+001   0.153544867888159011E+002   0.815033571156341674E+000   0.904322926942793925E+000   0.324871339889878208E+000   0.606147277355194092E+001   0.142353248266239807E+001   0.189860833086175698E-001   0.612571144104003906E+001   0.475348472595214844E+000   0.383002638816833496E+000  -0.118396487376878178E+090  -0.999999999999999966E+090   1
   0.215326830438812067E+000   0.167891275882720947E+001   0.154926885892057236E+002   0.888897633327765502E+000   0.109059959528028161E+001   0.109792852589532822E+000   0.595081210136413574E+001   0.209266749373247674E+001   0.348505658989555715E-002   0.635403591394424438E+001   0.309031307697296143E+000   0.379920363426208496E+000  -0.133902809939113824E+006  -0.950062574753499470E+090   1
   0.256746374619810258E+000   0.240099244711282012E+001   0.130652258545086610E+002   0.116336704131091850E+001   0.395869100895555992E+000   0.595092264620552425E+000   0.550373977223414723E+001   0.130147569745408398E+001   0.120156046093108954E+000   0.567070298181557941E+001   0.189676517457969818E+000   0.316381550396037992E+000  -0.115563765331203133E+006  -0.363749156996785007E+090   1
   0.388313771732154089E+000   0.119570791721343994E+001   0.143972021390236691E+002   0.145651415535616247E+001   0.124198185393628965E+000   0.122214956282385961E+000   0.628560495376586914E+001   0.126501213582416261E+001   0.382712669785919626E-001   0.581992143392562866E+001   0.429330110549926758E+000   0.192409515380859375E+000  -0.220371310772160708E+006  -0.999999999999999966E+090   1
   0.262442392556093362E+000   0.120621065350573065E+001   0.146721967168242564E+002   0.132488966345458548E+001   0.611336051670826275E+000   0.136322703441696010E-001   0.623884067217693250E+001   0.140173326641225304E+001   0.255840233884961576E+000   0.609786172854959396E+001   0.149794089994005064E+000   0.279241307328525368E+000  -0.136375486790213834E+090  -0.486251043040350252E+090   1
   0.437921180365579754E+000   0.200915903735444257E+001   0.157299039862543104E+002   0.634478704106706481E+000   0.101134215110715675E+001   0.750984791323321826E-001   0.597045772419998499E+001   0.220305115007798547E+001   0.454393209084604649E-001   0.587374495345999836E+001  -0.205390662298769927E+000   0.444570957054876148E+000  -0.114462289898914853E+006  -0.226208074168432472E+090   1
   0.205154468622328279E+000   0.207887673887080604E+001   0.151902570977883542E+002   0.799846985659485976E+000   0.121071753102342949E+001   0.186736812555225978E+000   0.587270968530875415E+001   0.175122972241266295E+001   0.400871164033548347E-001   0.601927576237112660E+001   0.443165886636407658E+000   0.155321769713989033E+000  -0.122651188187502325E+006  -0.220336134621206443E+090   1
   0.380253792802853041E+000   0.130218861628902527E+001   0.119295184829158813E+002   0.114566203041491721E+001   0.867173762197287923E+000   0.195138273523173117E+000   0.581192254686020604E+001   0.164554079553548704E+001   0.173407786619097476E+000   0.588407949293127430E+001   0.508269078221222359E-001   0.254931710466967720E+000  -0.115312935250269773E+006  -0.172158942052060669E+090   1
   0.194111815989882031E+000   0.125428473949432373E+001   0.153541226624948841E+002   0.115292420767702519E+001   0.125154595124667845E+001   0.800920501870446416E-001   0.581730294227600098E+001   0.243672439273249175E+001   0.289864451688412628E+000   0.597274279594421387E+001   0.520452260971069336E-001   0.171288251876831055E-001  -0.327910644579426211E+006  -0.999999999999999966E+090   1
   0.195042802811425747E+000   0.108847498893737793E+001   0.123349223767118730E+002   0.118867490667975328E+001   0.142620831608754339E+001   0.410290110759957638E+000   0.553870099782943726E+001   0.153672141549215957E+001   0.905119617126635578E+000   0.626087337732315063E+001   0.769650936126708984E-001   0.280826687812805176E-001  -0.112779506386919976E+090  -0.999999999999999966E+090   1
   0.242167461833193876E+000   0.106908788843103486E+001   0.135137801495910921E+002   0.125402261632860967E+001   0.189769727948371436E+001   0.258809583368239837E+000   0.575738209179662075E+001   0.237343451088353286E+001   0.415502859417756443E+000   0.581274981356721554E+001  -0.120151137621942045E+000   0.807340985569848235E-001  -0.117335425139370578E+006  -0.561697724876469427E+090   1
   0.293336973008424151E+000   0.112873458862304688E+001   0.112435792426977734E+002   0.314172440460779079E+000   0.152739108618631225E+001   0.346864315128568523E+000   0.560251927375793457E+001   0.297945429782661320E+001   0.772481498284368073E+000   0.569833397865295410E+001  -0.284672975540161133E-001  -0.139572083950042725E+000  -0.115569972341094151E+006  -0.999999999999999966E+090   1
   0.528794820265878318E+000   0.102171778678894043E+001   0.901020079786503025E+001   0.127836023865528237E+001   0.670151478888906138E+000   0.431004744312899146E+000   0.551805865764617920E+001   0.188166233694831742E+001   0.120430945276395063E+001   0.574641782045364380E+001   0.165202140808105469E+000   0.139120638370513916E+000  -0.115338856798918117E+006  -0.999999999999999966E+090   1
   0.283775161605695936E+000   0.100279133271012189E+001   0.879599567553212225E+001   0.955903737680359744E+000   0.141497694657410134E+001   0.300785522051354559E+000   0.567883008580694337E+001   0.221966983389340777E+001   0.130501371724281579E+001   0.642247889192099830E+001   0.458265055818285472E-002  -0.202466375147770300E+000  -0.164363690339350264E+090  -0.528942520115258889E+090   1
   0.309531611986934407E+000   0.121216463643342021E+001   0.821646563324560475E+001   0.127417068328352956E+001   0.121758948027922376E+001   0.474967869247434060E+000   0.594189228130178559E+001   0.295628901647735054E+001   0.500226744673532231E+000   0.591669069286605964E+001   0.227681337488273794E+000   0.119481198818366108E+000  -0.133486345691004506E+006  -0.479464499318437668E+090   1
   0.381339877140146888E+000   0.142825828549977252E+001   0.136854584640795487E+002   0.797520440587827228E+000   0.882369443236070361E+000   0.554632503190400805E+000   0.572900588663576293E+001   0.270374671353436735E+001   0.857673814460079842E+000   0.606301969049839951E+001  -0.235690859837602851E-001  -0.192474813241872489E+000  -0.562652558812551782E+006  -0.489004143423721209E+090   1
   0.264423339631753629E+000   0.117423939704895020E+001   0.112085789793562185E+002   0.150909328099173412E+001   0.225070334985543852E+001   0.558890240564901344E-001   0.599246990680694580E+001   0.300657473695796273E+001   0.527575412346739991E+000   0.581083041429519653E+001  -0.160442411899566650E+000   0.440772235393524170E+000  -0.113484304610730556E+006  -0.999999999999999966E+090   1
   0.432585058433203495E+000   0.166868019104003906E+001   0.107061087935118504E+002   0.110465263303779615E+001   0.734291574744216580E+000   0.217926757489834977E+000   0.599223065376281738E+001   0.235661331962919096E+001   0.553315328532664963E+000   0.574593818187713623E+001  -0.126337945461273193E+000   0.464730203151702881E+000  -0.111337748145607155E+006  -0.999999999999999966E+090   1
   0.309118163706028293E+000   0.132879734039306641E+001   0.106658431808123844E+002   0.113966761352098045E+001   0.154333193481122066E+001   0.539902418863497324E+000   0.560790383815765381E+001   0.308107683354179551E+001   0.585831175661176817E+000   0.570093816518783569E+001  -0.173413753509521484E-001   0.463876247406005859E+000  -0.115559462370298410E+006  -0.999999999999999966E+090   1
   0.293765871728887795E+000   0.134451096327133501E+001   0.994860847783917990E+001   0.115170990730339984E+001   0.119221287965995559E+001   0.199189443973189745E+000   0.602365156695107729E+001   0.313350739701433856E+001   0.108019362528254126E+001   0.558780132007625330E+001  -0.108187810840237320E+000   0.357771296661064220E+000  -0.990567574884064525E+005  -0.561891973260940127E+090   1
   0.326998805960560857E+000   0.141749465465545654E+001   0.758595241632685457E+001   0.583224319432659288E+000   0.181280009404425435E+001   0.341411703002214351E+000   0.601467984914779663E+001   0.203856079076636032E+001   0.143429940169424275E+001   0.567571449279785156E+001   0.364870429039001465E+000   0.306890606880187988E+000  -0.120357734566487430E+006  -0.999999999999999966E+090   1
   0.349573657423197348E+000   0.118253139585573974E+001   0.104626258246973727E+002   0.127235758148150291E+001   0.904480814326210747E+000   0.296534442137472154E+000   0.609483413073779712E+001   0.310315966447447922E+001   0.457614242127869275E+000   0.586371046643252214E+001   0.626833428634776535E-001   0.169541095612830151E+000  -0.183710468178647337E+006  -0.523320609971318095E+090   1
   0.395515419516638267E+000   0.168301264874126888E+001   0.113326986166555450E+002   0.121582329608793227E+001   0.967461243755790123E+000   0.245611056793300642E+000   0.575285170063482010E+001   0.249892052790681651E+001   0.595241930415826959E+000   0.551403347380445297E+001   0.137702157987075635E+000   0.281880810360301326E+000  -0.115720723597904886E+006  -0.385597560226819644E+090   1
   0.396686648764017213E+000   0.159367562996386880E+001   0.112414528805682963E+002   0.130384564479926657E+001   0.583036807983328687E+000   0.256661967210304376E+000   0.598739435432025413E+001   0.279210670023344409E+001   0.309672591216879678E+000   0.550855191028260638E+001   0.171976701620962735E+000   0.447347780344035661E+000  -0.119361248024606306E+006  -0.364368595342791284E+090   1
   0.212685674587512752E+000   0.154678203608361131E+001   0.118007256653086667E+002   0.508508648438409039E+000   0.144173216152437988E+001   0.222173168329389159E+000   0.568728548037356330E+001   0.289558588310670606E+001   0.117450593242233658E+001   0.555933649504350669E+001   0.498844852951917050E+000  -0.563386331127872508E-001  -0.115486283668886710E+006  -0.350427172765250054E+090   1
   0.420288616215655664E+000   0.165588131276206285E+001   0.909247733064653119E+001   0.994214590770692408E+000   0.921314185878211678E+000   0.430413914182851298E+000   0.592295105881449668E+001   0.185074195363491922E+001   0.908595349056535495E+000   0.572594816713233623E+001   0.298838985831406223E+000   0.280538124999732963E-001  -0.117586132119260830E+006  -0.326177242359770947E+090   1
   0.328295397009495504E+000   0.110935000285658791E+001   0.123912928533375286E+002   0.114956393883904506E+001   0.598728364616221920E+000   0.562252894865835628E+000   0.563078987438078205E+001   0.300569587332192922E+001   0.855092204439318992E+000   0.601062593536628587E+001   0.138071638810907005E+000   0.772759136431871441E-001  -0.223053184020121902E+006  -0.278832751457627201E+090   1
   0.281653209967767826E+000   0.163232974596525060E+001   0.139192167694521416E+002   0.456838824212885741E+000   0.127807532662860845E+001   0.947138771307945992E-001   0.566350489361842246E+001   0.252555770442256300E+001   0.723663616329436321E+000   0.583883904639946305E+001   0.919406505266491814E-001   0.629251489250504115E-002  -0.117955194276523544E+006  -0.256556606331096665E+090   1
   0.392741347992237366E+000   0.136495794269251092E+001   0.893256092541657942E+001   0.147871680540518535E+001   0.208814158303472663E+000   0.501375857106339362E+000   0.597474734191127688E+001   0.284621418621933309E+001   0.536697956464580406E+000   0.579572456729153274E+001   0.388342623963029321E+000   0.604464167549889630E-001  -0.120352828503286117E+006  -0.227512081147866560E+090   1
   0.337084817698126538E+000   0.140195894938876497E+001   0.139348323079570697E+002   0.618938203917949403E+000   0.607747709734064778E+000   0.297303617371995677E+000   0.552501644832241734E+001   0.167065503521248027E+001   0.557836677411007398E+000   0.595911459882203420E+001  -0.237627014024422156E-001  -0.129678506147651224E+000  -0.377097795826797315E+006  -0.212903826033465691E+090   1
   0.322391578239608956E+000   0.148740737670813994E+001   0.112545364692170118E+002   0.113395928423483139E+001   0.848763174747069638E+000   0.439206577191666891E+000   0.558730819267411238E+001   0.236001763590231128E+001   0.962759061926953708E+000   0.567857336825968950E+001   0.406681707654121261E-001   0.441350423741795783E+000  -0.115514686677191363E+006  -0.210696691407159413E+090   1
   0.316662119445130841E+000   0.229531860351562500E+001   0.134571921108511283E+002   0.840064842908271436E+000   0.122600829406580658E+001   0.394473870097657275E+000   0.602996182441711426E+001   0.141251476332965820E+001   0.815303934344678072E+000   0.566760873794555664E+001  -0.173146009445190430E+000  -0.980086326599121094E-001  -0.129720658917647917E+006  -0.999999999999999966E+090   1
   0.397099785831914742E+000   0.209390115737915039E+001   0.110386630177453995E+002   0.110608112275391934E+001   0.141431462107376937E+001   0.552713513955130020E+000   0.607417351007461548E+001   0.219183744724820784E+001   0.133720050952297265E+001   0.559594899415969849E+001  -0.720188617706298828E-001  -0.121012687683105469E+000  -0.133745229357295204E+006  -0.999999999999999966E+090   1
   0.397824211989412091E+000   0.164782392978668213E+001   0.156243754249086813E+002   0.846095713718038933E+000   0.525783725258369139E+000   0.166600558018993566E+000   0.617441123723983765E+001   0.137165380072990484E+001   0.115281138642028314E+001   0.560333704948425293E+001  -0.170535266399383545E+000  -0.111241459846496582E+000  -0.100659444748155787E+006  -0.999999999999999966E+090   1
   0.401505928813103652E+000   0.230633350857445674E+001   0.144304211633161934E+002   0.100505189576755649E+001   0.108599022393535960E+001   0.233620586249937562E+000   0.558236177078637663E+001   0.132799019685109054E+001   0.141187189116064560E+001   0.557466027851794443E+001   0.869720185697872017E-001   0.203586078342397614E-001  -0.115495039055113113E+006  -0.821647435528151718E+090   1
   0.468562348290567476E+000   0.217622506618499756E+001   0.130614785211172446E+002   0.878022229633869111E+000   0.240131817072722936E+000   0.840053886122218540E+000   0.562889862060546875E+001   0.311566598991427846E+001   0.904107491429426369E+000   0.600622051954269409E+001  -0.130695581436157227E+000  -0.438122749328613281E-001  -0.117727058558133722E+006  -0.999999999999999966E+090   1
   0.386551725157444181E+000   0.179768252372741699E+001   0.145047993979851420E+002   0.113633705347251895E+000   0.128001544158173952E+001   0.109925726814933233E+000   0.550158983469009399E+001   0.302745911251426936E+001   0.130083785538619345E+001   0.555494385957717896E+001   0.422210752964019775E+000  -0.228940963745117188E+000  -0.115567049830898512E+006  -0.999999999999999966E+090   1
   0.420616001083266466E+000   0.192897092930899205E+001   0.158113284097191062E+002   0.117406393312053958E+001   0.910365239723493147E+000   0.741145691235064907E+000   0.569207553178338799E+001   0.171426360928099020E+001   0.136500649130364970E+001   0.564003092049896093E+001  -0.120122375368870771E+000  -0.167208914387198121E+000  -0.115234582108010611E+006  -0.372806984860650453E+090   1
   0.473907391874588635E+000   0.248489654064178467E+001   0.150048282823590462E+002   0.138525425417112369E+001   0.112703052748116361E+001   0.341852310567370421E+000   0.593520271778106689E+001   0.196693850399996673E+001   0.132153313287674368E+001   0.562035709619522095E+001   0.380717456340789795E+000   0.409299612045288086E+000  -0.123731752522340423E+006  -0.999999999999999966E+090   1
   0.377127075404605216E+000   0.219592873299507652E+001   0.140662763882690278E+002   0.144703408364638375E+001   0.199108877446672472E+001   0.105183546824604568E+000   0.605674330821735829E+001   0.268606078712229213E+001   0.697239564479735341E+000   0.590227759205202496E+001   0.474896821420409787E+000   0.154080305760639469E+000  -0.132666534133920271E+006  -0.894572642197561350E+090   1
   0.445467240565641409E+000   0.223846477294418467E+001   0.139725369816581271E+002   0.123349061721652209E+001   0.184772073026303274E+001   0.591924414789567546E-001   0.577944971485103842E+001   0.250657489875543904E+001   0.457914706391787329E+000   0.575572507713387260E+001   0.456561365225225058E+000   0.869719960679688486E-001  -0.115451496127120321E+006  -0.780297942830697970E+090   1
   0.399010322325369371E+000   0.184896826744079590E+001   0.138462941872524254E+002   0.154808187130424457E+001   0.425257796569647073E+000   0.799733618533048474E+000   0.574864006042480469E+001   0.180102092522505286E+001   0.118882871718309779E+001   0.569501698017120361E+001   0.120457768440246582E+000   0.231667399406433105E+000  -0.115908030495525265E+006  -0.999999999999999966E+090   1
   0.437855659360521621E+000   0.211672914972007842E+001   0.158593510344413389E+002   0.706335304940329034E+000   0.168306866807201128E+001   0.312085188286442723E-001   0.581841380778198403E+001   0.214946503816551093E+001   0.543932682483543983E+000   0.579411050990007137E+001   0.724744406899027194E-001   0.220127839165246586E+000  -0.115627673628242905E+006  -0.517371922147732283E+090   1
   0.188341918361416144E+000   0.242006167717268994E+001   0.151045906891973445E+002   0.142431490558892082E+001   0.665271704218289184E+000   0.652893176092719463E+000   0.603235971520387260E+001   0.200346500407842765E+001   0.115619205150440174E+001   0.611400870324129464E+001   0.121547628899982607E+000   0.390554610000550473E+000  -0.107526733147453194E+090  -0.910363716832690264E+090   1
   0.197395396531742040E+000   0.173142313957214355E+001   0.155383257547733997E+002   0.144337040318594623E+001   0.625279292464550496E+000   0.533919049929304987E-001   0.614894962310791016E+001   0.228737849232415824E+001   0.838364672271508793E+000   0.555006974935531616E+001  -0.208401620388031006E+000   0.335956096649169922E+000  -0.113410158854384208E+006  -0.999999999999999966E+090   1
   0.353557185523752704E+000   0.189077404680054206E+001   0.150028187114293949E+002   0.131865568765842389E+001   0.216710483067849280E+001   0.118751379930666895E+000   0.615789923672958572E+001   0.262953698020137461E+001   0.582770291938898732E+000   0.574240668670190857E+001   0.342394355513903514E+000   0.288213288779194610E+000  -0.227281785772650619E+006  -0.308080091053016940E+090   1
   0.325708932107881599E+000   0.177508476950943495E+001   0.156523075395433224E+002   0.720032215640010409E+000   0.120848980833225284E+001   0.398030379093283815E+000   0.591502800485567537E+001   0.298047993647576526E+001   0.841415440578570317E+000   0.577453447335247994E+001   0.155023638981777123E+000   0.136599278619159825E+000  -0.170616774328136380E+006  -0.283024301604257283E+090   1
   0.397487530303242187E+000   0.181108434545410057E+001   0.155909616910902002E+002   0.102675920863724435E+001   0.100617506395484857E+001   0.967030526821582720E-001   0.579716781478516907E+001   0.221915057877163413E+001   0.152724798307435661E+001   0.557994820466566743E+001   0.480110548953831873E+000   0.287761093952119906E+000  -0.115461246972225708E+006  -0.220208884410386367E+090   1
   0.338801126970930677E+000   0.175672907101236531E+001   0.145174741190144054E+002   0.758666346630398558E+000   0.305682539552972643E+000   0.350153597121952820E+000   0.585985209721177736E+001   0.201190299075427070E+001   0.938774631484501243E+000   0.554481170203276807E+001  -0.242895906497371972E+000  -0.227690566768560670E+000  -0.113773774814437682E+006  -0.202816007277881206E+090   1
   0.246704602939039175E+000   0.220438222072054302E+001   0.146179720494326304E+002   0.577775904145807040E+000   0.691161386642508924E+000   0.305489796683519166E+000   0.565442564180785023E+001   0.263484014459720317E+001   0.114359770639871283E+001   0.575442963773364191E+001   0.357598359759243589E+000   0.127485201055588859E+000  -0.115638609278296659E+006  -0.195078992785611069E+090   1
